755
1 2 1
1 3 1
1 4 1
1 5 1
1 6 1
1 7 1
1 8 1
1 9 1
1 10 1
1 11 1
1 12 1
1 13 1
1 14 1
1 15 1
1 16 1
1 17 1
1 18 1
1 19 1
1 20 1
1 21 1
1 22 1
1 23 1
1 24 1
1 25 1
1 26 1
1 27 1
1 28 1
1 29 1
1 30 1
1 31 1
1 32 1
1 33 1
1 34 1
1 35 1
1 36 1
1 37 1
1 38 1
1 39 1
1 40 1
1 41 1
1 42 1
1 43 1
1 44 1
1 45 1
1 46 1
1 47 1
1 48 1
1 49 1
1 50 1
1 51 1
1 52 1
1 53 1
1 54 1
1 55 1
1 56 1
1 57 1
1 58 1
1 59 1
1 60 1
1 61 1
1 62 1
1 63 1
1 64 1
1 65 1
1 66 1
1 67 1
1 68 1
1 69 1
1 70 1
1 71 1
1 72 1
1 73 1
1 74 1
1 75 1
1 76 1
1 77 1
1 78 1
1 79 1
1 80 1
1 81 1
1 82 1
1 83 1
1 84 1
1 85 1
1 86 1
1 87 1
1 88 1
1 89 1
1 90 1
1 91 1
1 92 1
1 93 1
1 94 1
1 95 1
1 96 1
1 97 1
1 98 1
1 99 1
1 100 1
1 101 1
2 1 1
2 3 1
3 1 1
3 2 1
4 1 1
4 5 1
4 129 1
4 149 1
4 215 1
4 228 1
4 431 1
4 492 1
4 591 1
4 635 1
5 1 1
5 4 1
5 178 1
5 310 1
5 411 1
5 581 1
5 638 1
5 718 1
5 732 1
5 737 1
6 1 1
6 7 1
6 155 1
6 320 1
6 352 1
6 357 1
6 544 1
6 550 1
7 1 1
7 6 1
7 205 1
7 271 1
7 365 1
7 393 1
7 507 1
7 535 1
7 553 1
8 1 1
8 9 1
8 162 1
8 182 1
8 409 1
8 421 1
9 1 1
9 8 1
9 284 1
9 304 1
9 376 1
9 628 1
9 630 1
9 668 1
9 700 1
10 1 1
10 11 1
10 364 1
10 403 1
10 416 1
10 418 1
10 590 1
10 676 1
11 1 1
11 10 1
11 107 1
11 131 1
11 315 1
11 318 1
11 327 1
11 343 1
11 354 1
11 412 1
11 497 1
11 716 1
12 1 1
12 13 1
12 239 1
12 257 1
12 344 1
12 455 1
12 508 1
12 521 1
12 532 1
12 558 1
12 574 1
12 588 1
12 643 1
12 719 1
13 1 1
13 12 1
13 294 1
13 375 1
13 597 1
13 623 1
13 665 1
14 1 1
14 15 1
14 166 1
14 210 1
14 434 1
14 570 1
14 753 1
15 1 1
15 14 1
15 169 1
15 342 1
15 389 1
15 594 1
15 612 1
16 1 1
16 17 1
16 465 1
16 554 1
16 585 1
16 656 1
16 672 1
17 1 1
17 16 1
17 143 1
17 208 1
17 289 1
17 493 1
17 728 1
17 752 1
18 1 1
18 19 1
18 267 1
18 471 1
18 538 1
19 1 1
19 18 1
19 209 1
19 240 1
19 527 1
19 583 1
20 1 1
20 21 1
20 249 1
20 256 1
20 423 1
20 477 1
20 682 1
20 698 1
20 708 1
21 1 1
21 20 1
21 123 1
21 140 1
21 286 1
21 404 1
21 573 1
21 592 1
21 734 1
22 1 1
22 23 1
22 179 1
22 333 1
22 506 1
22 517 1
22 607 1
22 626 1
23 1 1
23 22 1
23 255 1
23 443 1
23 453 1
23 466 1
23 564 1
23 611 1
23 632 1
23 705 1
23 736 1
24 1 1
24 25 1
24 334 1
24 503 1
24 659 1
24 689 1
25 1 1
25 24 1
25 113 1
25 165 1
25 201 1
25 504 1
25 526 1
25 530 1
25 619 1
26 1 1
26 27 1
26 114 1
26 254 1
26 410 1
26 519 1
26 618 1
26 621 1
27 1 1
27 26 1
27 170 1
27 185 1
27 631 1
27 744 1
28 1 1
28 29 1
28 133 1
28 139 1
28 180 1
28 247 1
28 401 1
28 608 1
28 667 1
28 715 1
29 1 1
29 28 1
29 122 1
29 236 1
29 338 1
29 437 1
29 458 1
29 529 1
29 649 1
29 723 1
30 1 1
30 31 1
30 220 1
30 339 1
30 378 1
30 467 1
30 473 1
30 484 1
30 578 1
31 1 1
31 30 1
31 154 1
31 160 1
31 246 1
31 285 1
31 432 1
31 523 1
31 593 1
32 1 1
32 33 1
32 116 1
32 192 1
32 235 1
32 325 1
32 478 1
32 695 1
32 710 1
32 729 1
33 1 1
33 32 1
33 117 1
33 186 1
33 197 1
33 206 1
33 351 1
33 514 1
33 556 1
33 674 1
34 1 1
34 35 1
34 233 1
34 252 1
34 350 1
34 356 1
34 373 1
34 379 1
34 402 1
34 536 1
34 725 1
34 745 1
35 1 1
35 34 1
35 141 1
35 292 1
35 371 1
35 450 1
35 509 1
35 512 1
35 609 1
36 1 1
36 37 1
36 151 1
36 231 1
36 452 1
36 513 1
36 636 1
37 1 1
37 36 1
37 115 1
37 268 1
37 436 1
37 461 1
37 474 1
37 657 1
38 1 1
38 39 1
38 176 1
38 184 1
38 212 1
38 261 1
38 322 1
38 366 1
38 370 1
38 552 1
38 640 1
38 703 1
38 743 1
39 1 1
39 38 1
39 132 1
39 191 1
39 290 1
39 349 1
39 613 1
39 653 1
40 1 1
40 41 1
40 125 1
40 270 1
40 408 1
40 584 1
40 731 1
40 748 1
41 1 1
41 40 1
41 106 1
41 384 1
41 557 1
42 1 1
42 43 1
42 319 1
42 433 1
42 440 1
42 445 1
42 472 1
42 496 1
42 655 1
42 733 1
42 754 1
43 1 1
43 42 1
43 295 1
43 475 1
43 606 1
43 650 1
44 1 1
44 45 1
44 193 1
44 275 1
44 359 1
44 441 1
44 446 1
44 693 1
45 1 1
45 44 1
45 108 1
45 303 1
45 426 1
45 551 1
45 575 1
45 722 1
46 1 1
46 47 1
46 346 1
46 559 1
47 1 1
47 46 1
47 120 1
47 127 1
47 225 1
47 264 1
47 422 1
47 614 1
47 669 1
48 1 1
48 49 1
48 150 1
48 238 1
48 336 1
48 398 1
48 415 1
48 448 1
48 617 1
48 750 1
49 1 1
49 48 1
49 374 1
49 377 1
49 511 1
49 543 1
49 563 1
49 666 1
49 711 1
50 1 1
50 51 1
50 112 1
50 172 1
50 331 1
50 361 1
50 582 1
50 692 1
51 1 1
51 50 1
51 189 1
51 355 1
51 413 1
51 515 1
52 1 1
52 53 1
52 224 1
52 273 1
52 298 1
52 480 1
52 494 1
52 654 1
53 1 1
53 52 1
53 457 1
53 601 1
53 639 1
53 688 1
54 1 1
54 55 1
54 159 1
54 190 1
54 221 1
54 308 1
54 479 1
54 604 1
54 647 1
54 686 1
54 738 1
55 1 1
55 54 1
55 214 1
55 253 1
55 274 1
55 362 1
55 387 1
55 395 1
55 407 1
55 430 1
55 651 1
55 691 1
56 1 1
56 57 1
56 103 1
56 248 1
56 251 1
56 314 1
56 615 1
56 645 1
57 1 1
57 56 1
57 109 1
57 128 1
57 156 1
57 163 1
57 174 1
57 211 1
57 335 1
57 386 1
57 435 1
57 599 1
58 1 1
58 59 1
58 321 1
58 462 1
58 498 1
58 501 1
58 616 1
58 685 1
59 1 1
59 58 1
59 188 1
59 288 1
59 540 1
59 549 1
59 670 1
60 1 1
60 61 1
60 121 1
60 134 1
60 136 1
60 147 1
60 173 1
60 250 1
60 279 1
60 392 1
60 481 1
60 505 1
60 697 1
60 735 1
61 1 1
61 60 1
61 119 1
61 204 1
61 245 1
61 272 1
61 520 1
61 567 1
61 702 1
62 1 1
62 63 1
62 110 1
62 258 1
62 305 1
62 417 1
62 454 1
62 522 1
63 1 1
63 62 1
63 104 1
63 144 1
63 167 1
63 337 1
63 449 1
63 468 1
63 510 1
63 589 1
64 1 1
64 65 1
64 372 1
64 483 1
64 610 1
65 1 1
65 64 1
65 148 1
65 202 1
65 266 1
65 283 1
65 358 1
65 360 1
65 652 1
65 751 1
66 1 1
66 67 1
66 175 1
66 227 1
66 280 1
66 340 1
66 488 1
66 571 1
66 677 1
66 690 1
66 726 1
67 1 1
67 66 1
67 368 1
67 644 1
68 1 1
68 69 1
68 226 1
68 230 1
68 546 1
68 555 1
68 596 1
68 627 1
68 713 1
68 742 1
69 1 1
69 68 1
69 153 1
69 219 1
69 241 1
69 300 1
69 382 1
69 419 1
69 565 1
69 646 1
69 684 1
69 709 1
69 755 1
70 1 1
70 71 1
70 576 1
71 1 1
71 70 1
71 118 1
71 222 1
71 301 1
71 516 1
71 531 1
71 600 1
71 739 1
71 741 1
72 1 1
72 73 1
72 312 1
72 525 1
72 533 1
72 547 1
72 642 1
72 699 1
72 704 1
73 1 1
73 72 1
73 168 1
73 297 1
73 363 1
73 486 1
73 598 1
73 687 1
73 747 1
74 1 1
74 75 1
74 311 1
74 380 1
74 438 1
74 637 1
75 1 1
75 74 1
75 152 1
75 244 1
75 259 1
75 276 1
75 306 1
75 429 1
75 470 1
75 528 1
75 566 1
75 624 1
75 663 1
76 1 1
76 77 1
76 164 1
76 309 1
76 367 1
76 727 1
77 1 1
77 76 1
77 171 1
77 196 1
77 518 1
77 560 1
77 694 1
78 1 1
78 79 1
78 199 1
78 234 1
78 296 1
78 323 1
78 394 1
78 562 1
79 1 1
79 78 1
79 187 1
79 207 1
79 232 1
79 265 1
79 330 1
79 482 1
79 542 1
79 634 1
79 749 1
80 1 1
80 81 1
80 313 1
80 491 1
81 1 1
81 80 1
81 388 1
81 424 1
81 463 1
81 539 1
81 629 1
81 664 1
81 681 1
82 1 1
82 83 1
82 135 1
82 181 1
82 263 1
82 326 1
82 414 1
82 485 1
82 534 1
83 1 1
83 82 1
83 146 1
83 242 1
83 425 1
83 442 1
83 489 1
83 679 1
83 707 1
84 1 1
84 85 1
84 302 1
84 332 1
84 648 1
84 724 1
85 1 1
85 84 1
85 460 1
85 490 1
85 537 1
85 579 1
86 1 1
86 87 1
86 102 1
86 161 1
86 316 1
86 341 1
86 406 1
86 487 1
86 660 1
86 701 1
87 1 1
87 86 1
87 105 1
87 157 1
87 299 1
87 329 1
87 683 1
88 1 1
88 89 1
88 673 1
89 1 1
89 88 1
89 124 1
89 183 1
89 194 1
89 712 1
90 1 1
90 91 1
90 126 1
90 137 1
90 200 1
90 348 1
90 391 1
90 456 1
90 499 1
90 633 1
91 1 1
91 90 1
91 400 1
91 561 1
91 568 1
91 602 1
91 620 1
92 1 1
92 93 1
92 138 1
92 324 1
92 383 1
92 385 1
92 603 1
93 1 1
93 92 1
93 142 1
93 281 1
93 396 1
93 661 1
93 696 1
94 1 1
94 95 1
94 111 1
94 262 1
94 293 1
94 605 1
95 1 1
95 94 1
95 158 1
95 203 1
95 237 1
95 345 1
95 381 1
95 427 1
95 451 1
95 524 1
95 641 1
95 680 1
95 720 1
96 1 1
96 97 1
96 218 1
96 390 1
96 548 1
96 675 1
96 730 1
97 1 1
97 96 1
97 195 1
97 213 1
97 243 1
97 282 1
97 287 1
97 353 1
97 714 1
98 1 1
98 99 1
98 278 1
98 405 1
98 420 1
98 459 1
98 500 1
98 586 1
98 671 1
98 740 1
99 1 1
99 98 1
99 130 1
99 217 1
99 223 1
99 444 1
99 469 1
99 476 1
99 545 1
100 1 1
100 101 1
100 145 1
100 260 1
100 269 1
100 277 1
100 328 1
100 347 1
100 369 1
100 439 1
100 464 1
100 495 1
100 541 1
100 678 1
100 706 1
100 746 1
101 1 1
101 100 1
101 216 1
101 397 1
101 399 1
101 502 1
101 569 1
101 587 1
101 595 1
101 625 1
101 717 1
102 86 1
102 103 1
102 104 1
102 177 1
102 198 1
102 317 1
102 447 1
102 658 1
103 56 1
103 102 1
103 104 1
103 229 1
103 291 1
103 307 1
103 428 1
103 572 1
103 577 1
103 580 1
103 622 1
103 662 1
103 721 1
104 63 1
104 102 1
104 103 1
105 87 1
105 106 1
105 107 1
106 41 1
106 105 1
106 107 1
107 11 1
107 105 1
107 106 1
108 45 1
108 109 1
108 110 1
109 57 1
109 108 1
109 110 1
110 62 1
110 108 1
110 109 1
111 94 1
111 112 1
111 113 1
112 50 1
112 111 1
112 113 1
113 25 1
113 111 1
113 112 1
114 26 1
114 115 1
114 116 1
115 37 1
115 114 1
115 116 1
116 32 1
116 114 1
116 115 1
117 33 1
117 118 1
117 119 1
118 71 1
118 117 1
118 119 1
119 61 1
119 117 1
119 118 1
120 47 1
120 121 1
120 122 1
121 60 1
121 120 1
121 122 1
122 29 1
122 120 1
122 121 1
123 21 1
123 124 1
123 125 1
124 89 1
124 123 1
124 125 1
125 40 1
125 123 1
125 124 1
126 90 1
126 127 1
126 128 1
127 47 1
127 126 1
127 128 1
128 57 1
128 126 1
128 127 1
129 4 1
129 130 1
129 131 1
130 99 1
130 129 1
130 131 1
131 11 1
131 129 1
131 130 1
132 39 1
132 133 1
132 134 1
133 28 1
133 132 1
133 134 1
134 60 1
134 132 1
134 133 1
135 82 1
135 136 1
135 137 1
136 60 1
136 135 1
136 137 1
137 90 1
137 135 1
137 136 1
138 92 1
138 139 1
138 140 1
139 28 1
139 138 1
139 140 1
140 21 1
140 138 1
140 139 1
141 35 1
141 142 1
141 143 1
142 93 1
142 141 1
142 143 1
143 17 1
143 141 1
143 142 1
144 63 1
144 145 1
144 146 1
145 100 1
145 144 1
145 146 1
146 83 1
146 144 1
146 145 1
147 60 1
147 148 1
147 149 1
148 65 1
148 147 1
148 149 1
149 4 1
149 147 1
149 148 1
150 48 1
150 151 1
150 152 1
151 36 1
151 150 1
151 152 1
152 75 1
152 150 1
152 151 1
153 69 1
153 154 1
153 155 1
154 31 1
154 153 1
154 155 1
155 6 1
155 153 1
155 154 1
156 57 1
156 157 1
156 158 1
157 87 1
157 156 1
157 158 1
158 95 1
158 156 1
158 157 1
159 54 1
159 160 1
159 161 1
160 31 1
160 159 1
160 161 1
161 86 1
161 159 1
161 160 1
162 8 1
162 163 1
162 164 1
163 57 1
163 162 1
163 164 1
164 76 1
164 162 1
164 163 1
165 25 1
165 166 1
165 167 1
166 14 1
166 165 1
166 167 1
167 63 1
167 165 1
167 166 1
168 73 1
168 169 1
168 170 1
169 15 1
169 168 1
169 170 1
170 27 1
170 168 1
170 169 1
171 77 1
171 172 1
171 173 1
172 50 1
172 171 1
172 173 1
173 60 1
173 171 1
173 172 1
174 57 1
174 175 1
174 176 1
175 66 1
175 174 1
175 176 1
176 38 1
176 174 1
176 175 1
177 102 1
177 178 1
177 179 1
178 5 1
178 177 1
178 179 1
179 22 1
179 177 1
179 178 1
180 28 1
180 181 1
180 182 1
181 82 1
181 180 1
181 182 1
182 8 1
182 180 1
182 181 1
183 89 1
183 184 1
183 185 1
184 38 1
184 183 1
184 185 1
185 27 1
185 183 1
185 184 1
186 33 1
186 187 1
186 188 1
187 79 1
187 186 1
187 188 1
188 59 1
188 186 1
188 187 1
189 51 1
189 190 1
189 191 1
190 54 1
190 189 1
190 191 1
191 39 1
191 189 1
191 190 1
192 32 1
192 193 1
192 194 1
193 44 1
193 192 1
193 194 1
194 89 1
194 192 1
194 193 1
195 97 1
195 196 1
195 197 1
196 77 1
196 195 1
196 197 1
197 33 1
197 195 1
197 196 1
198 102 1
198 199 1
198 200 1
199 78 1
199 198 1
199 200 1
200 90 1
200 198 1
200 199 1
201 25 1
201 202 1
201 203 1
202 65 1
202 201 1
202 203 1
203 95 1
203 201 1
203 202 1
204 61 1
204 205 1
204 206 1
205 7 1
205 204 1
205 206 1
206 33 1
206 204 1
206 205 1
207 79 1
207 208 1
207 209 1
208 17 1
208 207 1
208 209 1
209 19 1
209 207 1
209 208 1
210 14 1
210 211 1
210 212 1
211 57 1
211 210 1
211 212 1
212 38 1
212 210 1
212 211 1
213 97 1
213 214 1
213 215 1
214 55 1
214 213 1
214 215 1
215 4 1
215 213 1
215 214 1
216 101 1
216 217 1
216 218 1
217 99 1
217 216 1
217 218 1
218 96 1
218 216 1
218 217 1
219 69 1
219 220 1
219 221 1
220 30 1
220 219 1
220 221 1
221 54 1
221 219 1
221 220 1
222 71 1
222 223 1
222 224 1
223 99 1
223 222 1
223 224 1
224 52 1
224 222 1
224 223 1
225 47 1
225 226 1
225 227 1
226 68 1
226 225 1
226 227 1
227 66 1
227 225 1
227 226 1
228 4 1
228 229 1
228 230 1
229 103 1
229 228 1
229 230 1
230 68 1
230 228 1
230 229 1
231 36 1
231 232 1
231 233 1
232 79 1
232 231 1
232 233 1
233 34 1
233 231 1
233 232 1
234 78 1
234 235 1
234 236 1
235 32 1
235 234 1
235 236 1
236 29 1
236 234 1
236 235 1
237 95 1
237 238 1
237 239 1
238 48 1
238 237 1
238 239 1
239 12 1
239 237 1
239 238 1
240 19 1
240 241 1
240 242 1
241 69 1
241 240 1
241 242 1
242 83 1
242 240 1
242 241 1
243 97 1
243 244 1
243 245 1
244 75 1
244 243 1
244 245 1
245 61 1
245 243 1
245 244 1
246 31 1
246 247 1
246 248 1
247 28 1
247 246 1
247 248 1
248 56 1
248 246 1
248 247 1
249 20 1
249 250 1
249 251 1
250 60 1
250 249 1
250 251 1
251 56 1
251 249 1
251 250 1
252 34 1
252 253 1
252 254 1
253 55 1
253 252 1
253 254 1
254 26 1
254 252 1
254 253 1
255 23 1
255 256 1
255 257 1
256 20 1
256 255 1
256 257 1
257 12 1
257 255 1
257 256 1
258 62 1
258 259 1
258 260 1
259 75 1
259 258 1
259 260 1
260 100 1
260 258 1
260 259 1
261 38 1
261 262 1
261 263 1
262 94 1
262 261 1
262 263 1
263 82 1
263 261 1
263 262 1
264 47 1
264 265 1
264 266 1
265 79 1
265 264 1
265 266 1
266 65 1
266 264 1
266 265 1
267 18 1
267 268 1
267 269 1
268 37 1
268 267 1
268 269 1
269 100 1
269 267 1
269 268 1
270 40 1
270 271 1
270 272 1
271 7 1
271 270 1
271 272 1
272 61 1
272 270 1
272 271 1
273 52 1
273 274 1
273 275 1
274 55 1
274 273 1
274 275 1
275 44 1
275 273 1
275 274 1
276 75 1
276 277 1
276 278 1
277 100 1
277 276 1
277 278 1
278 98 1
278 276 1
278 277 1
279 60 1
279 280 1
279 281 1
280 66 1
280 279 1
280 281 1
281 93 1
281 279 1
281 280 1
282 97 1
282 283 1
282 284 1
283 65 1
283 282 1
283 284 1
284 9 1
284 282 1
284 283 1
285 31 1
285 286 1
285 287 1
286 21 1
286 285 1
286 287 1
287 97 1
287 285 1
287 286 1
288 59 1
288 289 1
288 290 1
289 17 1
289 288 1
289 290 1
290 39 1
290 288 1
290 289 1
291 103 1
291 292 1
291 293 1
292 35 1
292 291 1
292 293 1
293 94 1
293 291 1
293 292 1
294 13 1
294 295 1
294 296 1
295 43 1
295 294 1
295 296 1
296 78 1
296 294 1
296 295 1
297 73 1
297 298 1
297 299 1
298 52 1
298 297 1
298 299 1
299 87 1
299 297 1
299 298 1
300 69 1
300 301 1
300 302 1
301 71 1
301 300 1
301 302 1
302 84 1
302 300 1
302 301 1
303 45 1
303 304 1
303 305 1
304 9 1
304 303 1
304 305 1
305 62 1
305 303 1
305 304 1
306 75 1
306 307 1
306 308 1
307 103 1
307 306 1
307 308 1
308 54 1
308 306 1
308 307 1
309 76 1
309 310 1
309 311 1
310 5 1
310 309 1
310 311 1
311 74 1
311 309 1
311 310 1
312 72 1
312 313 1
312 314 1
313 80 1
313 312 1
313 314 1
314 56 1
314 312 1
314 313 1
315 11 1
315 316 1
315 317 1
316 86 1
316 315 1
316 317 1
317 102 1
317 315 1
317 316 1
318 11 1
318 319 1
318 320 1
319 42 1
319 318 1
319 320 1
320 6 1
320 318 1
320 319 1
321 58 1
321 322 1
321 323 1
322 38 1
322 321 1
322 323 1
323 78 1
323 321 1
323 322 1
324 92 1
324 325 1
324 326 1
325 32 1
325 324 1
325 326 1
326 82 1
326 324 1
326 325 1
327 11 1
327 328 1
327 329 1
328 100 1
328 327 1
328 329 1
329 87 1
329 327 1
329 328 1
330 79 1
330 331 1
330 332 1
331 50 1
331 330 1
331 332 1
332 84 1
332 330 1
332 331 1
333 22 1
333 334 1
333 335 1
334 24 1
334 333 1
334 335 1
335 57 1
335 333 1
335 334 1
336 48 1
336 337 1
336 338 1
337 63 1
337 336 1
337 338 1
338 29 1
338 336 1
338 337 1
339 30 1
339 340 1
339 341 1
340 66 1
340 339 1
340 341 1
341 86 1
341 339 1
341 340 1
342 15 1
342 343 1
342 344 1
343 11 1
343 342 1
343 344 1
344 12 1
344 342 1
344 343 1
345 95 1
345 346 1
345 347 1
346 46 1
346 345 1
346 347 1
347 100 1
347 345 1
347 346 1
348 90 1
348 349 1
348 350 1
349 39 1
349 348 1
349 350 1
350 34 1
350 348 1
350 349 1
351 33 1
351 352 1
351 353 1
352 6 1
352 351 1
352 353 1
353 97 1
353 351 1
353 352 1
354 11 1
354 355 1
354 356 1
355 51 1
355 354 1
355 356 1
356 34 1
356 354 1
356 355 1
357 6 1
357 358 1
357 359 1
358 65 1
358 357 1
358 359 1
359 44 1
359 357 1
359 358 1
360 65 1
360 361 1
360 362 1
361 50 1
361 360 1
361 362 1
362 55 1
362 360 1
362 361 1
363 73 1
363 364 1
363 365 1
364 10 1
364 363 1
364 365 1
365 7 1
365 363 1
365 364 1
366 38 1
366 367 1
366 368 1
367 76 1
367 366 1
367 368 1
368 67 1
368 366 1
368 367 1
369 100 1
369 370 1
369 371 1
370 38 1
370 369 1
370 371 1
371 35 1
371 369 1
371 370 1
372 64 1
372 373 1
372 374 1
373 34 1
373 372 1
373 374 1
374 49 1
374 372 1
374 373 1
375 13 1
375 376 1
375 377 1
376 9 1
376 375 1
376 377 1
377 49 1
377 375 1
377 376 1
378 30 1
378 379 1
378 380 1
379 34 1
379 378 1
379 380 1
380 74 1
380 378 1
380 379 1
381 95 1
381 382 1
381 383 1
382 69 1
382 381 1
382 383 1
383 92 1
383 381 1
383 382 1
384 41 1
384 385 1
384 386 1
385 92 1
385 384 1
385 386 1
386 57 1
386 384 1
386 385 1
387 55 1
387 388 1
387 389 1
388 81 1
388 387 1
388 389 1
389 15 1
389 387 1
389 388 1
390 96 1
390 391 1
390 392 1
391 90 1
391 390 1
391 392 1
392 60 1
392 390 1
392 391 1
393 7 1
393 394 1
393 395 1
394 78 1
394 393 1
394 395 1
395 55 1
395 393 1
395 394 1
396 93 1
396 397 1
396 398 1
397 101 1
397 396 1
397 398 1
398 48 1
398 396 1
398 397 1
399 101 1
399 400 1
399 401 1
400 91 1
400 399 1
400 401 1
401 28 1
401 399 1
401 400 1
402 34 1
402 403 1
402 404 1
403 10 1
403 402 1
403 404 1
404 21 1
404 402 1
404 403 1
405 98 1
405 406 1
405 407 1
406 86 1
406 405 1
406 407 1
407 55 1
407 405 1
407 406 1
408 40 1
408 409 1
408 410 1
409 8 1
409 408 1
409 410 1
410 26 1
410 408 1
410 409 1
411 5 1
411 412 1
411 413 1
412 11 1
412 411 1
412 413 1
413 51 1
413 411 1
413 412 1
414 82 1
414 415 1
414 416 1
415 48 1
415 414 1
415 416 1
416 10 1
416 414 1
416 415 1
417 62 1
417 418 1
417 419 1
418 10 1
418 417 1
418 419 1
419 69 1
419 417 1
419 418 1
420 98 1
420 421 1
420 422 1
421 8 1
421 420 1
421 422 1
422 47 1
422 420 1
422 421 1
423 20 1
423 424 1
423 425 1
424 81 1
424 423 1
424 425 1
425 83 1
425 423 1
425 424 1
426 45 1
426 427 1
426 428 1
427 95 1
427 426 1
427 428 1
428 103 1
428 426 1
428 427 1
429 75 1
429 430 1
429 431 1
430 55 1
430 429 1
430 431 1
431 4 1
431 429 1
431 430 1
432 31 1
432 433 1
432 434 1
433 42 1
433 432 1
433 434 1
434 14 1
434 432 1
434 433 1
435 57 1
435 436 1
435 437 1
436 37 1
436 435 1
436 437 1
437 29 1
437 435 1
437 436 1
438 74 1
438 439 1
438 440 1
439 100 1
439 438 1
439 440 1
440 42 1
440 438 1
440 439 1
441 44 1
441 442 1
441 443 1
442 83 1
442 441 1
442 443 1
443 23 1
443 441 1
443 442 1
444 99 1
444 445 1
444 446 1
445 42 1
445 444 1
445 446 1
446 44 1
446 444 1
446 445 1
447 102 1
447 448 1
447 449 1
448 48 1
448 447 1
448 449 1
449 63 1
449 447 1
449 448 1
450 35 1
450 451 1
450 452 1
451 95 1
451 450 1
451 452 1
452 36 1
452 450 1
452 451 1
453 23 1
453 454 1
453 455 1
454 62 1
454 453 1
454 455 1
455 12 1
455 453 1
455 454 1
456 90 1
456 457 1
456 458 1
457 53 1
457 456 1
457 458 1
458 29 1
458 456 1
458 457 1
459 98 1
459 460 1
459 461 1
460 85 1
460 459 1
460 461 1
461 37 1
461 459 1
461 460 1
462 58 1
462 463 1
462 464 1
463 81 1
463 462 1
463 464 1
464 100 1
464 462 1
464 463 1
465 16 1
465 466 1
465 467 1
466 23 1
466 465 1
466 467 1
467 30 1
467 465 1
467 466 1
468 63 1
468 469 1
468 470 1
469 99 1
469 468 1
469 470 1
470 75 1
470 468 1
470 469 1
471 18 1
471 472 1
471 473 1
472 42 1
472 471 1
472 473 1
473 30 1
473 471 1
473 472 1
474 37 1
474 475 1
474 476 1
475 43 1
475 474 1
475 476 1
476 99 1
476 474 1
476 475 1
477 20 1
477 478 1
477 479 1
478 32 1
478 477 1
478 479 1
479 54 1
479 477 1
479 478 1
480 52 1
480 481 1
480 482 1
481 60 1
481 480 1
481 482 1
482 79 1
482 480 1
482 481 1
483 64 1
483 484 1
483 485 1
484 30 1
484 483 1
484 485 1
485 82 1
485 483 1
485 484 1
486 73 1
486 487 1
486 488 1
487 86 1
487 486 1
487 488 1
488 66 1
488 486 1
488 487 1
489 83 1
489 490 1
489 491 1
490 85 1
490 489 1
490 491 1
491 80 1
491 489 1
491 490 1
492 4 1
492 493 1
492 494 1
493 17 1
493 492 1
493 494 1
494 52 1
494 492 1
494 493 1
495 100 1
495 496 1
495 497 1
496 42 1
496 495 1
496 497 1
497 11 1
497 495 1
497 496 1
498 58 1
498 499 1
498 500 1
499 90 1
499 498 1
499 500 1
500 98 1
500 498 1
500 499 1
501 58 1
501 502 1
501 503 1
502 101 1
502 501 1
502 503 1
503 24 1
503 501 1
503 502 1
504 25 1
504 505 1
504 506 1
505 60 1
505 504 1
505 506 1
506 22 1
506 504 1
506 505 1
507 7 1
507 508 1
507 509 1
508 12 1
508 507 1
508 509 1
509 35 1
509 507 1
509 508 1
510 63 1
510 511 1
510 512 1
511 49 1
511 510 1
511 512 1
512 35 1
512 510 1
512 511 1
513 36 1
513 514 1
513 515 1
514 33 1
514 513 1
514 515 1
515 51 1
515 513 1
515 514 1
516 71 1
516 517 1
516 518 1
517 22 1
517 516 1
517 518 1
518 77 1
518 516 1
518 517 1
519 26 1
519 520 1
519 521 1
520 61 1
520 519 1
520 521 1
521 12 1
521 519 1
521 520 1
522 62 1
522 523 1
522 524 1
523 31 1
523 522 1
523 524 1
524 95 1
524 522 1
524 523 1
525 72 1
525 526 1
525 527 1
526 25 1
526 525 1
526 527 1
527 19 1
527 525 1
527 526 1
528 75 1
528 529 1
528 530 1
529 29 1
529 528 1
529 530 1
530 25 1
530 528 1
530 529 1
531 71 1
531 532 1
531 533 1
532 12 1
532 531 1
532 533 1
533 72 1
533 531 1
533 532 1
534 82 1
534 535 1
534 536 1
535 7 1
535 534 1
535 536 1
536 34 1
536 534 1
536 535 1
537 85 1
537 538 1
537 539 1
538 18 1
538 537 1
538 539 1
539 81 1
539 537 1
539 538 1
540 59 1
540 541 1
540 542 1
541 100 1
541 540 1
541 542 1
542 79 1
542 540 1
542 541 1
543 49 1
543 544 1
543 545 1
544 6 1
544 543 1
544 545 1
545 99 1
545 543 1
545 544 1
546 68 1
546 547 1
546 548 1
547 72 1
547 546 1
547 548 1
548 96 1
548 546 1
548 547 1
549 59 1
549 550 1
549 551 1
550 6 1
550 549 1
550 551 1
551 45 1
551 549 1
551 550 1
552 38 1
552 553 1
552 554 1
553 7 1
553 552 1
553 554 1
554 16 1
554 552 1
554 553 1
555 68 1
555 556 1
555 557 1
556 33 1
556 555 1
556 557 1
557 41 1
557 555 1
557 556 1
558 12 1
558 559 1
558 560 1
559 46 1
559 558 1
559 560 1
560 77 1
560 558 1
560 559 1
561 91 1
561 562 1
561 563 1
562 78 1
562 561 1
562 563 1
563 49 1
563 561 1
563 562 1
564 23 1
564 565 1
564 566 1
565 69 1
565 564 1
565 566 1
566 75 1
566 564 1
566 565 1
567 61 1
567 568 1
567 569 1
568 91 1
568 567 1
568 569 1
569 101 1
569 567 1
569 568 1
570 14 1
570 571 1
570 572 1
571 66 1
571 570 1
571 572 1
572 103 1
572 570 1
572 571 1
573 21 1
573 574 1
573 575 1
574 12 1
574 573 1
574 575 1
575 45 1
575 573 1
575 574 1
576 70 1
576 577 1
576 578 1
577 103 1
577 576 1
577 578 1
578 30 1
578 576 1
578 577 1
579 85 1
579 580 1
579 581 1
580 103 1
580 579 1
580 581 1
581 5 1
581 579 1
581 580 1
582 50 1
582 583 1
582 584 1
583 19 1
583 582 1
583 584 1
584 40 1
584 582 1
584 583 1
585 16 1
585 586 1
585 587 1
586 98 1
586 585 1
586 587 1
587 101 1
587 585 1
587 586 1
588 12 1
588 589 1
588 590 1
589 63 1
589 588 1
589 590 1
590 10 1
590 588 1
590 589 1
591 4 1
591 592 1
591 593 1
592 21 1
592 591 1
592 593 1
593 31 1
593 591 1
593 592 1
594 15 1
594 595 1
594 596 1
595 101 1
595 594 1
595 596 1
596 68 1
596 594 1
596 595 1
597 13 1
597 598 1
597 599 1
598 73 1
598 597 1
598 599 1
599 57 1
599 597 1
599 598 1
600 71 1
600 601 1
600 602 1
601 53 1
601 600 1
601 602 1
602 91 1
602 600 1
602 601 1
603 92 1
603 604 1
603 605 1
604 54 1
604 603 1
604 605 1
605 94 1
605 603 1
605 604 1
606 43 1
606 607 1
606 608 1
607 22 1
607 606 1
607 608 1
608 28 1
608 606 1
608 607 1
609 35 1
609 610 1
609 611 1
610 64 1
610 609 1
610 611 1
611 23 1
611 609 1
611 610 1
612 15 1
612 613 1
612 614 1
613 39 1
613 612 1
613 614 1
614 47 1
614 612 1
614 613 1
615 56 1
615 616 1
615 617 1
616 58 1
616 615 1
616 617 1
617 48 1
617 615 1
617 616 1
618 26 1
618 619 1
618 620 1
619 25 1
619 618 1
619 620 1
620 91 1
620 618 1
620 619 1
621 26 1
621 622 1
621 623 1
622 103 1
622 621 1
622 623 1
623 13 1
623 621 1
623 622 1
624 75 1
624 625 1
624 626 1
625 101 1
625 624 1
625 626 1
626 22 1
626 624 1
626 625 1
627 68 1
627 628 1
627 629 1
628 9 1
628 627 1
628 629 1
629 81 1
629 627 1
629 628 1
630 9 1
630 631 1
630 632 1
631 27 1
631 630 1
631 632 1
632 23 1
632 630 1
632 631 1
633 90 1
633 634 1
633 635 1
634 79 1
634 633 1
634 635 1
635 4 1
635 633 1
635 634 1
636 36 1
636 637 1
636 638 1
637 74 1
637 636 1
637 638 1
638 5 1
638 636 1
638 637 1
639 53 1
639 640 1
639 641 1
640 38 1
640 639 1
640 641 1
641 95 1
641 639 1
641 640 1
642 72 1
642 643 1
642 644 1
643 12 1
643 642 1
643 644 1
644 67 1
644 642 1
644 643 1
645 56 1
645 646 1
645 647 1
646 69 1
646 645 1
646 647 1
647 54 1
647 645 1
647 646 1
648 84 1
648 649 1
648 650 1
649 29 1
649 648 1
649 650 1
650 43 1
650 648 1
650 649 1
651 55 1
651 652 1
651 653 1
652 65 1
652 651 1
652 653 1
653 39 1
653 651 1
653 652 1
654 52 1
654 655 1
654 656 1
655 42 1
655 654 1
655 656 1
656 16 1
656 654 1
656 655 1
657 37 1
657 658 1
657 659 1
658 102 1
658 657 1
658 659 1
659 24 1
659 657 1
659 658 1
660 86 1
660 661 1
660 662 1
661 93 1
661 660 1
661 662 1
662 103 1
662 660 1
662 661 1
663 75 1
663 664 1
663 665 1
664 81 1
664 663 1
664 665 1
665 13 1
665 663 1
665 664 1
666 49 1
666 667 1
666 668 1
667 28 1
667 666 1
667 668 1
668 9 1
668 666 1
668 667 1
669 47 1
669 670 1
669 671 1
670 59 1
670 669 1
670 671 1
671 98 1
671 669 1
671 670 1
672 16 1
672 673 1
672 674 1
673 88 1
673 672 1
673 674 1
674 33 1
674 672 1
674 673 1
675 96 1
675 676 1
675 677 1
676 10 1
676 675 1
676 677 1
677 66 1
677 675 1
677 676 1
678 100 1
678 679 1
678 680 1
679 83 1
679 678 1
679 680 1
680 95 1
680 678 1
680 679 1
681 81 1
681 682 1
681 683 1
682 20 1
682 681 1
682 683 1
683 87 1
683 681 1
683 682 1
684 69 1
684 685 1
684 686 1
685 58 1
685 684 1
685 686 1
686 54 1
686 684 1
686 685 1
687 73 1
687 688 1
687 689 1
688 53 1
688 687 1
688 689 1
689 24 1
689 687 1
689 688 1
690 66 1
690 691 1
690 692 1
691 55 1
691 690 1
691 692 1
692 50 1
692 690 1
692 691 1
693 44 1
693 694 1
693 695 1
694 77 1
694 693 1
694 695 1
695 32 1
695 693 1
695 694 1
696 93 1
696 697 1
696 698 1
697 60 1
697 696 1
697 698 1
698 20 1
698 696 1
698 697 1
699 72 1
699 700 1
699 701 1
700 9 1
700 699 1
700 701 1
701 86 1
701 699 1
701 700 1
702 61 1
702 703 1
702 704 1
703 38 1
703 702 1
703 704 1
704 72 1
704 702 1
704 703 1
705 23 1
705 706 1
705 707 1
706 100 1
706 705 1
706 707 1
707 83 1
707 705 1
707 706 1
708 20 1
708 709 1
708 710 1
709 69 1
709 708 1
709 710 1
710 32 1
710 708 1
710 709 1
711 49 1
711 712 1
711 713 1
712 89 1
712 711 1
712 713 1
713 68 1
713 711 1
713 712 1
714 97 1
714 715 1
714 716 1
715 28 1
715 714 1
715 716 1
716 11 1
716 714 1
716 715 1
717 101 1
717 718 1
717 719 1
718 5 1
718 717 1
718 719 1
719 12 1
719 717 1
719 718 1
720 95 1
720 721 1
720 722 1
721 103 1
721 720 1
721 722 1
722 45 1
722 720 1
722 721 1
723 29 1
723 724 1
723 725 1
724 84 1
724 723 1
724 725 1
725 34 1
725 723 1
725 724 1
726 66 1
726 727 1
726 728 1
727 76 1
727 726 1
727 728 1
728 17 1
728 726 1
728 727 1
729 32 1
729 730 1
729 731 1
730 96 1
730 729 1
730 731 1
731 40 1
731 729 1
731 730 1
732 5 1
732 733 1
732 734 1
733 42 1
733 732 1
733 734 1
734 21 1
734 732 1
734 733 1
735 60 1
735 736 1
735 737 1
736 23 1
736 735 1
736 737 1
737 5 1
737 735 1
737 736 1
738 54 1
738 739 1
738 740 1
739 71 1
739 738 1
739 740 1
740 98 1
740 738 1
740 739 1
741 71 1
741 742 1
741 743 1
742 68 1
742 741 1
742 743 1
743 38 1
743 741 1
743 742 1
744 27 1
744 745 1
744 746 1
745 34 1
745 744 1
745 746 1
746 100 1
746 744 1
746 745 1
747 73 1
747 748 1
747 749 1
748 40 1
748 747 1
748 749 1
749 79 1
749 747 1
749 748 1
750 48 1
750 751 1
750 752 1
751 65 1
751 750 1
751 752 1
752 17 1
752 750 1
752 751 1
753 14 1
753 754 1
753 755 1
754 42 1
754 753 1
754 755 1
755 69 1
755 753 1
755 754 1
$
Sam Gaines: heuristic solution (4 colors):
	Vertex 1: Color #1
	Vertex 2: Color #2
	Vertex 3: Color #3
	Vertex 4: Color #2
	Vertex 5: Color #3
	Vertex 6: Color #3
	Vertex 7: Color #2
	Vertex 8: Color #3
	Vertex 9: Color #2
	Vertex 10: Color #3
	Vertex 11: Color #2
	Vertex 12: Color #2
	Vertex 13: Color #3
	Vertex 14: Color #2
	Vertex 15: Color #3
	Vertex 16: Color #3
	Vertex 17: Color #2
	Vertex 18: Color #3
	Vertex 19: Color #2
	Vertex 20: Color #2
	Vertex 21: Color #3
	Vertex 22: Color #3
	Vertex 23: Color #2
	Vertex 24: Color #3
	Vertex 25: Color #2
	Vertex 26: Color #2
	Vertex 27: Color #3
	Vertex 28: Color #2
	Vertex 29: Color #3
	Vertex 30: Color #2
	Vertex 31: Color #3
	Vertex 32: Color #2
	Vertex 33: Color #3
	Vertex 34: Color #2
	Vertex 35: Color #3
	Vertex 36: Color #3
	Vertex 37: Color #2
	Vertex 38: Color #2
	Vertex 39: Color #3
	Vertex 40: Color #2
	Vertex 41: Color #3
	Vertex 42: Color #2
	Vertex 43: Color #3
	Vertex 44: Color #2
	Vertex 45: Color #3
	Vertex 46: Color #3
	Vertex 47: Color #2
	Vertex 48: Color #2
	Vertex 49: Color #3
	Vertex 50: Color #2
	Vertex 51: Color #3
	Vertex 52: Color #2
	Vertex 53: Color #3
	Vertex 54: Color #3
	Vertex 55: Color #2
	Vertex 56: Color #3
	Vertex 57: Color #2
	Vertex 58: Color #2
	Vertex 59: Color #3
	Vertex 60: Color #2
	Vertex 61: Color #3
	Vertex 62: Color #3
	Vertex 63: Color #2
	Vertex 64: Color #3
	Vertex 65: Color #2
	Vertex 66: Color #2
	Vertex 67: Color #3
	Vertex 68: Color #3
	Vertex 69: Color #2
	Vertex 70: Color #3
	Vertex 71: Color #2
	Vertex 72: Color #2
	Vertex 73: Color #3
	Vertex 74: Color #3
	Vertex 75: Color #2
	Vertex 76: Color #3
	Vertex 77: Color #2
	Vertex 78: Color #3
	Vertex 79: Color #2
	Vertex 80: Color #3
	Vertex 81: Color #2
	Vertex 82: Color #2
	Vertex 83: Color #3
	Vertex 84: Color #2
	Vertex 85: Color #3
	Vertex 86: Color #3
	Vertex 87: Color #2
	Vertex 88: Color #3
	Vertex 89: Color #2
	Vertex 90: Color #2
	Vertex 91: Color #3
	Vertex 92: Color #2
	Vertex 93: Color #3
	Vertex 94: Color #3
	Vertex 95: Color #2
	Vertex 96: Color #3
	Vertex 97: Color #2
	Vertex 98: Color #2
	Vertex 99: Color #3
	Vertex 100: Color #2
	Vertex 101: Color #3
	Vertex 102: Color #2
	Vertex 103: Color #1
	Vertex 104: Color #3
	Vertex 105: Color #1
	Vertex 106: Color #2
	Vertex 107: Color #3
	Vertex 108: Color #1
	Vertex 109: Color #3
	Vertex 110: Color #2
	Vertex 111: Color #1
	Vertex 112: Color #3
	Vertex 113: Color #4
	Vertex 114: Color #1
	Vertex 115: Color #3
	Vertex 116: Color #4
	Vertex 117: Color #1
	Vertex 118: Color #3
	Vertex 119: Color #2
	Vertex 120: Color #1
	Vertex 121: Color #3
	Vertex 122: Color #2
	Vertex 123: Color #1
	Vertex 124: Color #3
	Vertex 125: Color #4
	Vertex 126: Color #1
	Vertex 127: Color #3
	Vertex 128: Color #4
	Vertex 129: Color #1
	Vertex 130: Color #2
	Vertex 131: Color #3
	Vertex 132: Color #1
	Vertex 133: Color #3
	Vertex 134: Color #4
	Vertex 135: Color #1
	Vertex 136: Color #3
	Vertex 137: Color #4
	Vertex 138: Color #1
	Vertex 139: Color #3
	Vertex 140: Color #2
	Vertex 141: Color #1
	Vertex 142: Color #2
	Vertex 143: Color #3
	Vertex 144: Color #1
	Vertex 145: Color #3
	Vertex 146: Color #2
	Vertex 147: Color #1
	Vertex 148: Color #3
	Vertex 149: Color #4
	Vertex 150: Color #1
	Vertex 151: Color #2
	Vertex 152: Color #3
	Vertex 153: Color #1
	Vertex 154: Color #2
	Vertex 155: Color #4
	Vertex 156: Color #1
	Vertex 157: Color #3
	Vertex 158: Color #4
	Vertex 159: Color #1
	Vertex 160: Color #2
	Vertex 161: Color #4
	Vertex 162: Color #1
	Vertex 163: Color #3
	Vertex 164: Color #2
	Vertex 165: Color #1
	Vertex 166: Color #3
	Vertex 167: Color #4
	Vertex 168: Color #1
	Vertex 169: Color #2
	Vertex 170: Color #4
	Vertex 171: Color #1
	Vertex 172: Color #3
	Vertex 173: Color #4
	Vertex 174: Color #1
	Vertex 175: Color #3
	Vertex 176: Color #4
	Vertex 177: Color #1
	Vertex 178: Color #2
	Vertex 179: Color #4
	Vertex 180: Color #1
	Vertex 181: Color #3
	Vertex 182: Color #2
	Vertex 183: Color #1
	Vertex 184: Color #3
	Vertex 185: Color #2
	Vertex 186: Color #1
	Vertex 187: Color #3
	Vertex 188: Color #2
	Vertex 189: Color #1
	Vertex 190: Color #2
	Vertex 191: Color #4
	Vertex 192: Color #1
	Vertex 193: Color #3
	Vertex 194: Color #4
	Vertex 195: Color #1
	Vertex 196: Color #3
	Vertex 197: Color #2
	Vertex 198: Color #1
	Vertex 199: Color #2
	Vertex 200: Color #3
	Vertex 201: Color #1
	Vertex 202: Color #3
	Vertex 203: Color #4
	Vertex 204: Color #1
	Vertex 205: Color #3
	Vertex 206: Color #2
	Vertex 207: Color #1
	Vertex 208: Color #3
	Vertex 209: Color #4
	Vertex 210: Color #1
	Vertex 211: Color #3
	Vertex 212: Color #4
	Vertex 213: Color #1
	Vertex 214: Color #3
	Vertex 215: Color #4
	Vertex 216: Color #1
	Vertex 217: Color #2
	Vertex 218: Color #4
	Vertex 219: Color #1
	Vertex 220: Color #3
	Vertex 221: Color #2
	Vertex 222: Color #1
	Vertex 223: Color #2
	Vertex 224: Color #3
	Vertex 225: Color #1
	Vertex 226: Color #2
	Vertex 227: Color #3
	Vertex 228: Color #1
	Vertex 229: Color #3
	Vertex 230: Color #2
	Vertex 231: Color #1
	Vertex 232: Color #3
	Vertex 233: Color #4
	Vertex 234: Color #1
	Vertex 235: Color #3
	Vertex 236: Color #2
	Vertex 237: Color #1
	Vertex 238: Color #3
	Vertex 239: Color #4
	Vertex 240: Color #1
	Vertex 241: Color #3
	Vertex 242: Color #2
	Vertex 243: Color #1
	Vertex 244: Color #3
	Vertex 245: Color #2
	Vertex 246: Color #1
	Vertex 247: Color #3
	Vertex 248: Color #2
	Vertex 249: Color #1
	Vertex 250: Color #3
	Vertex 251: Color #2
	Vertex 252: Color #1
	Vertex 253: Color #3
	Vertex 254: Color #4
	Vertex 255: Color #1
	Vertex 256: Color #3
	Vertex 257: Color #4
	Vertex 258: Color #1
	Vertex 259: Color #3
	Vertex 260: Color #4
	Vertex 261: Color #1
	Vertex 262: Color #2
	Vertex 263: Color #3
	Vertex 264: Color #1
	Vertex 265: Color #3
	Vertex 266: Color #4
	Vertex 267: Color #1
	Vertex 268: Color #3
	Vertex 269: Color #4
	Vertex 270: Color #1
	Vertex 271: Color #3
	Vertex 272: Color #2
	Vertex 273: Color #1
	Vertex 274: Color #3
	Vertex 275: Color #4
	Vertex 276: Color #1
	Vertex 277: Color #3
	Vertex 278: Color #4
	Vertex 279: Color #1
	Vertex 280: Color #3
	Vertex 281: Color #2
	Vertex 282: Color #1
	Vertex 283: Color #3
	Vertex 284: Color #4
	Vertex 285: Color #1
	Vertex 286: Color #2
	Vertex 287: Color #3
	Vertex 288: Color #1
	Vertex 289: Color #3
	Vertex 290: Color #2
	Vertex 291: Color #2
	Vertex 292: Color #1
	Vertex 293: Color #4
	Vertex 294: Color #1
	Vertex 295: Color #2
	Vertex 296: Color #4
	Vertex 297: Color #1
	Vertex 298: Color #3
	Vertex 299: Color #4
	Vertex 300: Color #1
	Vertex 301: Color #3
	Vertex 302: Color #4
	Vertex 303: Color #1
	Vertex 304: Color #3
	Vertex 305: Color #2
	Vertex 306: Color #1
	Vertex 307: Color #3
	Vertex 308: Color #2
	Vertex 309: Color #1
	Vertex 310: Color #2
	Vertex 311: Color #4
	Vertex 312: Color #1
	Vertex 313: Color #2
	Vertex 314: Color #4
	Vertex 315: Color #1
	Vertex 316: Color #2
	Vertex 317: Color #3
	Vertex 318: Color #1
	Vertex 319: Color #3
	Vertex 320: Color #2
	Vertex 321: Color #1
	Vertex 322: Color #3
	Vertex 323: Color #2
	Vertex 324: Color #1
	Vertex 325: Color #3
	Vertex 326: Color #4
	Vertex 327: Color #1
	Vertex 328: Color #3
	Vertex 329: Color #4
	Vertex 330: Color #1
	Vertex 331: Color #3
	Vertex 332: Color #4
	Vertex 333: Color #1
	Vertex 334: Color #2
	Vertex 335: Color #3
	Vertex 336: Color #1
	Vertex 337: Color #3
	Vertex 338: Color #2
	Vertex 339: Color #1
	Vertex 340: Color #3
	Vertex 341: Color #2
	Vertex 342: Color #1
	Vertex 343: Color #3
	Vertex 344: Color #4
	Vertex 345: Color #1
	Vertex 346: Color #2
	Vertex 347: Color #3
	Vertex 348: Color #1
	Vertex 349: Color #2
	Vertex 350: Color #3
	Vertex 351: Color #1
	Vertex 352: Color #2
	Vertex 353: Color #3
	Vertex 354: Color #1
	Vertex 355: Color #2
	Vertex 356: Color #3
	Vertex 357: Color #1
	Vertex 358: Color #3
	Vertex 359: Color #4
	Vertex 360: Color #1
	Vertex 361: Color #3
	Vertex 362: Color #4
	Vertex 363: Color #1
	Vertex 364: Color #2
	Vertex 365: Color #3
	Vertex 366: Color #1
	Vertex 367: Color #2
	Vertex 368: Color #4
	Vertex 369: Color #1
	Vertex 370: Color #3
	Vertex 371: Color #2
	Vertex 372: Color #1
	Vertex 373: Color #3
	Vertex 374: Color #2
	Vertex 375: Color #1
	Vertex 376: Color #3
	Vertex 377: Color #2
	Vertex 378: Color #1
	Vertex 379: Color #3
	Vertex 380: Color #2
	Vertex 381: Color #1
	Vertex 382: Color #3
	Vertex 383: Color #4
	Vertex 384: Color #1
	Vertex 385: Color #3
	Vertex 386: Color #4
	Vertex 387: Color #1
	Vertex 388: Color #3
	Vertex 389: Color #2
	Vertex 390: Color #1
	Vertex 391: Color #3
	Vertex 392: Color #4
	Vertex 393: Color #1
	Vertex 394: Color #2
	Vertex 395: Color #3
	Vertex 396: Color #1
	Vertex 397: Color #2
	Vertex 398: Color #3
	Vertex 399: Color #1
	Vertex 400: Color #2
	Vertex 401: Color #3
	Vertex 402: Color #1
	Vertex 403: Color #2
	Vertex 404: Color #4
	Vertex 405: Color #1
	Vertex 406: Color #2
	Vertex 407: Color #3
	Vertex 408: Color #1
	Vertex 409: Color #2
	Vertex 410: Color #3
	Vertex 411: Color #1
	Vertex 412: Color #3
	Vertex 413: Color #2
	Vertex 414: Color #1
	Vertex 415: Color #3
	Vertex 416: Color #2
	Vertex 417: Color #1
	Vertex 418: Color #2
	Vertex 419: Color #3
	Vertex 420: Color #1
	Vertex 421: Color #2
	Vertex 422: Color #3
	Vertex 423: Color #1
	Vertex 424: Color #3
	Vertex 425: Color #2
	Vertex 426: Color #1
	Vertex 427: Color #3
	Vertex 428: Color #2
	Vertex 429: Color #1
	Vertex 430: Color #3
	Vertex 431: Color #4
	Vertex 432: Color #1
	Vertex 433: Color #3
	Vertex 434: Color #4
	Vertex 435: Color #1
	Vertex 436: Color #3
	Vertex 437: Color #2
	Vertex 438: Color #1
	Vertex 439: Color #3
	Vertex 440: Color #4
	Vertex 441: Color #1
	Vertex 442: Color #2
	Vertex 443: Color #3
	Vertex 444: Color #1
	Vertex 445: Color #3
	Vertex 446: Color #4
	Vertex 447: Color #1
	Vertex 448: Color #3
	Vertex 449: Color #4
	Vertex 450: Color #1
	Vertex 451: Color #3
	Vertex 452: Color #2
	Vertex 453: Color #1
	Vertex 454: Color #2
	Vertex 455: Color #3
	Vertex 456: Color #1
	Vertex 457: Color #2
	Vertex 458: Color #4
	Vertex 459: Color #1
	Vertex 460: Color #2
	Vertex 461: Color #3
	Vertex 462: Color #1
	Vertex 463: Color #3
	Vertex 464: Color #4
	Vertex 465: Color #1
	Vertex 466: Color #3
	Vertex 467: Color #4
	Vertex 468: Color #1
	Vertex 469: Color #2
	Vertex 470: Color #3
	Vertex 471: Color #1
	Vertex 472: Color #3
	Vertex 473: Color #4
	Vertex 474: Color #1
	Vertex 475: Color #2
	Vertex 476: Color #4
	Vertex 477: Color #1
	Vertex 478: Color #3
	Vertex 479: Color #2
	Vertex 480: Color #1
	Vertex 481: Color #3
	Vertex 482: Color #4
	Vertex 483: Color #1
	Vertex 484: Color #3
	Vertex 485: Color #4
	Vertex 486: Color #1
	Vertex 487: Color #2
	Vertex 488: Color #3
	Vertex 489: Color #1
	Vertex 490: Color #2
	Vertex 491: Color #4
	Vertex 492: Color #1
	Vertex 493: Color #3
	Vertex 494: Color #4
	Vertex 495: Color #1
	Vertex 496: Color #3
	Vertex 497: Color #4
	Vertex 498: Color #1
	Vertex 499: Color #3
	Vertex 500: Color #4
	Vertex 501: Color #1
	Vertex 502: Color #2
	Vertex 503: Color #4
	Vertex 504: Color #1
	Vertex 505: Color #3
	Vertex 506: Color #2
	Vertex 507: Color #1
	Vertex 508: Color #3
	Vertex 509: Color #2
	Vertex 510: Color #1
	Vertex 511: Color #2
	Vertex 512: Color #4
	Vertex 513: Color #1
	Vertex 514: Color #2
	Vertex 515: Color #4
	Vertex 516: Color #1
	Vertex 517: Color #2
	Vertex 518: Color #3
	Vertex 519: Color #1
	Vertex 520: Color #2
	Vertex 521: Color #3
	Vertex 522: Color #1
	Vertex 523: Color #2
	Vertex 524: Color #3
	Vertex 525: Color #1
	Vertex 526: Color #3
	Vertex 527: Color #4
	Vertex 528: Color #1
	Vertex 529: Color #2
	Vertex 530: Color #3
	Vertex 531: Color #1
	Vertex 532: Color #3
	Vertex 533: Color #4
	Vertex 534: Color #1
	Vertex 535: Color #3
	Vertex 536: Color #4
	Vertex 537: Color #1
	Vertex 538: Color #2
	Vertex 539: Color #3
	Vertex 540: Color #1
	Vertex 541: Color #3
	Vertex 542: Color #4
	Vertex 543: Color #1
	Vertex 544: Color #2
	Vertex 545: Color #4
	Vertex 546: Color #1
	Vertex 547: Color #3
	Vertex 548: Color #2
	Vertex 549: Color #1
	Vertex 550: Color #2
	Vertex 551: Color #4
	Vertex 552: Color #1
	Vertex 553: Color #3
	Vertex 554: Color #2
	Vertex 555: Color #1
	Vertex 556: Color #2
	Vertex 557: Color #4
	Vertex 558: Color #1
	Vertex 559: Color #2
	Vertex 560: Color #3
	Vertex 561: Color #1
	Vertex 562: Color #2
	Vertex 563: Color #4
	Vertex 564: Color #1
	Vertex 565: Color #3
	Vertex 566: Color #4
	Vertex 567: Color #1
	Vertex 568: Color #2
	Vertex 569: Color #4
	Vertex 570: Color #1
	Vertex 571: Color #3
	Vertex 572: Color #2
	Vertex 573: Color #1
	Vertex 574: Color #3
	Vertex 575: Color #2
	Vertex 576: Color #1
	Vertex 577: Color #2
	Vertex 578: Color #3
	Vertex 579: Color #1
	Vertex 580: Color #3
	Vertex 581: Color #2
	Vertex 582: Color #1
	Vertex 583: Color #3
	Vertex 584: Color #4
	Vertex 585: Color #1
	Vertex 586: Color #3
	Vertex 587: Color #2
	Vertex 588: Color #1
	Vertex 589: Color #3
	Vertex 590: Color #2
	Vertex 591: Color #1
	Vertex 592: Color #2
	Vertex 593: Color #4
	Vertex 594: Color #1
	Vertex 595: Color #2
	Vertex 596: Color #4
	Vertex 597: Color #1
	Vertex 598: Color #2
	Vertex 599: Color #3
	Vertex 600: Color #1
	Vertex 601: Color #2
	Vertex 602: Color #4
	Vertex 603: Color #1
	Vertex 604: Color #2
	Vertex 605: Color #4
	Vertex 606: Color #1
	Vertex 607: Color #2
	Vertex 608: Color #3
	Vertex 609: Color #1
	Vertex 610: Color #2
	Vertex 611: Color #3
	Vertex 612: Color #1
	Vertex 613: Color #2
	Vertex 614: Color #3
	Vertex 615: Color #1
	Vertex 616: Color #3
	Vertex 617: Color #4
	Vertex 618: Color #1
	Vertex 619: Color #3
	Vertex 620: Color #2
	Vertex 621: Color #1
	Vertex 622: Color #3
	Vertex 623: Color #2
	Vertex 624: Color #1
	Vertex 625: Color #2
	Vertex 626: Color #4
	Vertex 627: Color #1
	Vertex 628: Color #3
	Vertex 629: Color #4
	Vertex 630: Color #1
	Vertex 631: Color #2
	Vertex 632: Color #3
	Vertex 633: Color #1
	Vertex 634: Color #3
	Vertex 635: Color #4
	Vertex 636: Color #1
	Vertex 637: Color #2
	Vertex 638: Color #4
	Vertex 639: Color #1
	Vertex 640: Color #3
	Vertex 641: Color #4
	Vertex 642: Color #1
	Vertex 643: Color #3
	Vertex 644: Color #2
	Vertex 645: Color #1
	Vertex 646: Color #3
	Vertex 647: Color #2
	Vertex 648: Color #1
	Vertex 649: Color #2
	Vertex 650: Color #4
	Vertex 651: Color #1
	Vertex 652: Color #3
	Vertex 653: Color #2
	Vertex 654: Color #1
	Vertex 655: Color #3
	Vertex 656: Color #2
	Vertex 657: Color #1
	Vertex 658: Color #3
	Vertex 659: Color #2
	Vertex 660: Color #1
	Vertex 661: Color #2
	Vertex 662: Color #3
	Vertex 663: Color #1
	Vertex 664: Color #3
	Vertex 665: Color #2
	Vertex 666: Color #1
	Vertex 667: Color #3
	Vertex 668: Color #4
	Vertex 669: Color #1
	Vertex 670: Color #2
	Vertex 671: Color #3
	Vertex 672: Color #1
	Vertex 673: Color #2
	Vertex 674: Color #4
	Vertex 675: Color #1
	Vertex 676: Color #2
	Vertex 677: Color #3
	Vertex 678: Color #1
	Vertex 679: Color #2
	Vertex 680: Color #3
	Vertex 681: Color #1
	Vertex 682: Color #3
	Vertex 683: Color #4
	Vertex 684: Color #1
	Vertex 685: Color #3
	Vertex 686: Color #2
	Vertex 687: Color #1
	Vertex 688: Color #2
	Vertex 689: Color #4
	Vertex 690: Color #1
	Vertex 691: Color #3
	Vertex 692: Color #4
	Vertex 693: Color #1
	Vertex 694: Color #3
	Vertex 695: Color #4
	Vertex 696: Color #1
	Vertex 697: Color #3
	Vertex 698: Color #4
	Vertex 699: Color #1
	Vertex 700: Color #3
	Vertex 701: Color #2
	Vertex 702: Color #1
	Vertex 703: Color #3
	Vertex 704: Color #4
	Vertex 705: Color #1
	Vertex 706: Color #3
	Vertex 707: Color #2
	Vertex 708: Color #1
	Vertex 709: Color #3
	Vertex 710: Color #4
	Vertex 711: Color #1
	Vertex 712: Color #3
	Vertex 713: Color #2
	Vertex 714: Color #1
	Vertex 715: Color #3
	Vertex 716: Color #4
	Vertex 717: Color #1
	Vertex 718: Color #2
	Vertex 719: Color #3
	Vertex 720: Color #1
	Vertex 721: Color #3
	Vertex 722: Color #2
	Vertex 723: Color #1
	Vertex 724: Color #3
	Vertex 725: Color #4
	Vertex 726: Color #1
	Vertex 727: Color #2
	Vertex 728: Color #3
	Vertex 729: Color #1
	Vertex 730: Color #2
	Vertex 731: Color #3
	Vertex 732: Color #1
	Vertex 733: Color #3
	Vertex 734: Color #2
	Vertex 735: Color #1
	Vertex 736: Color #3
	Vertex 737: Color #2
	Vertex 738: Color #1
	Vertex 739: Color #3
	Vertex 740: Color #4
	Vertex 741: Color #1
	Vertex 742: Color #2
	Vertex 743: Color #3
	Vertex 744: Color #1
	Vertex 745: Color #3
	Vertex 746: Color #4
	Vertex 747: Color #1
	Vertex 748: Color #3
	Vertex 749: Color #4
	Vertex 750: Color #1
	Vertex 751: Color #3
	Vertex 752: Color #4
	Vertex 753: Color #1
	Vertex 754: Color #3
	Vertex 755: Color #4
