376
-1 -2 301
-1 -2 -301
-1 -3 301
-1 -3 -301
-1 -4 301
-1 -4 -301
-2 -3 301
-2 -3 -301
-2 -4 301
-2 -4 -301
-3 -4 301
-3 -4 -301
-5 -6 301
-5 -6 -301
-5 -7 301
-5 -7 -301
-5 -8 301
-5 -8 -301
-6 -7 301
-6 -7 -301
-6 -8 301
-6 -8 -301
-7 -8 301
-7 -8 -301
-9 -10 301
-9 -10 -301
-9 -11 301
-9 -11 -301
-9 -12 301
-9 -12 -301
-10 -11 301
-10 -11 -301
-10 -12 301
-10 -12 -301
-11 -12 301
-11 -12 -301
-13 -14 301
-13 -14 -301
-13 -15 301
-13 -15 -301
-13 -16 301
-13 -16 -301
-14 -15 301
-14 -15 -301
-14 -16 301
-14 -16 -301
-15 -16 301
-15 -16 -301
-17 -18 301
-17 -18 -301
-17 -19 301
-17 -19 -301
-17 -20 301
-17 -20 -301
-18 -19 301
-18 -19 -301
-18 -20 301
-18 -20 -301
-19 -20 301
-19 -20 -301
-21 -22 301
-21 -22 -301
-21 -23 301
-21 -23 -301
-21 -24 301
-21 -24 -301
-22 -23 301
-22 -23 -301
-22 -24 301
-22 -24 -301
-23 -24 301
-23 -24 -301
-25 -26 301
-25 -26 -301
-25 -27 301
-25 -27 -301
-25 -28 301
-25 -28 -301
-26 -27 301
-26 -27 -301
-26 -28 301
-26 -28 -301
-27 -28 301
-27 -28 -301
-29 -30 301
-29 -30 -301
-29 -31 301
-29 -31 -301
-29 -32 301
-29 -32 -301
-30 -31 301
-30 -31 -301
-30 -32 301
-30 -32 -301
-31 -32 301
-31 -32 -301
-33 -34 301
-33 -34 -301
-33 -35 301
-33 -35 -301
-33 -36 301
-33 -36 -301
-34 -35 301
-34 -35 -301
-34 -36 301
-34 -36 -301
-35 -36 301
-35 -36 -301
-37 -38 301
-37 -38 -301
-37 -39 301
-37 -39 -301
-37 -40 301
-37 -40 -301
-38 -39 301
-38 -39 -301
-38 -40 301
-38 -40 -301
-39 -40 301
-39 -40 -301
-41 -42 301
-41 -42 -301
-41 -43 301
-41 -43 -301
-41 -44 301
-41 -44 -301
-42 -43 301
-42 -43 -301
-42 -44 301
-42 -44 -301
-43 -44 301
-43 -44 -301
-45 -46 301
-45 -46 -301
-45 -47 301
-45 -47 -301
-45 -48 301
-45 -48 -301
-46 -47 301
-46 -47 -301
-46 -48 301
-46 -48 -301
-47 -48 301
-47 -48 -301
-49 -50 301
-49 -50 -301
-49 -51 301
-49 -51 -301
-49 -52 301
-49 -52 -301
-50 -51 301
-50 -51 -301
-50 -52 301
-50 -52 -301
-51 -52 301
-51 -52 -301
-53 -54 301
-53 -54 -301
-53 -55 301
-53 -55 -301
-53 -56 301
-53 -56 -301
-54 -55 301
-54 -55 -301
-54 -56 301
-54 -56 -301
-55 -56 301
-55 -56 -301
-57 -58 301
-57 -58 -301
-57 -59 301
-57 -59 -301
-57 -60 301
-57 -60 -301
-58 -59 301
-58 -59 -301
-58 -60 301
-58 -60 -301
-59 -60 301
-59 -60 -301
-61 -62 301
-61 -62 -301
-61 -63 301
-61 -63 -301
-61 -64 301
-61 -64 -301
-62 -63 301
-62 -63 -301
-62 -64 301
-62 -64 -301
-63 -64 301
-63 -64 -301
-65 -66 301
-65 -66 -301
-65 -67 301
-65 -67 -301
-65 -68 301
-65 -68 -301
-66 -67 301
-66 -67 -301
-66 -68 301
-66 -68 -301
-67 -68 301
-67 -68 -301
-69 -70 301
-69 -70 -301
-69 -71 301
-69 -71 -301
-69 -72 301
-69 -72 -301
-70 -71 301
-70 -71 -301
-70 -72 301
-70 -72 -301
-71 -72 301
-71 -72 -301
-73 -74 301
-73 -74 -301
-73 -75 301
-73 -75 -301
-73 -76 301
-73 -76 -301
-74 -75 301
-74 -75 -301
-74 -76 301
-74 -76 -301
-75 -76 301
-75 -76 -301
-77 -78 301
-77 -78 -301
-77 -79 301
-77 -79 -301
-77 -80 301
-77 -80 -301
-78 -79 301
-78 -79 -301
-78 -80 301
-78 -80 -301
-79 -80 301
-79 -80 -301
-81 -82 301
-81 -82 -301
-81 -83 301
-81 -83 -301
-81 -84 301
-81 -84 -301
-82 -83 301
-82 -83 -301
-82 -84 301
-82 -84 -301
-83 -84 301
-83 -84 -301
-85 -86 301
-85 -86 -301
-85 -87 301
-85 -87 -301
-85 -88 301
-85 -88 -301
-86 -87 301
-86 -87 -301
-86 -88 301
-86 -88 -301
-87 -88 301
-87 -88 -301
-89 -90 301
-89 -90 -301
-89 -91 301
-89 -91 -301
-89 -92 301
-89 -92 -301
-90 -91 301
-90 -91 -301
-90 -92 301
-90 -92 -301
-91 -92 301
-91 -92 -301
-93 -94 301
-93 -94 -301
-93 -95 301
-93 -95 -301
-93 -96 301
-93 -96 -301
-94 -95 301
-94 -95 -301
-94 -96 301
-94 -96 -301
-95 -96 301
-95 -96 -301
-97 -98 301
-97 -98 -301
-97 -99 301
-97 -99 -301
-97 -100 301
-97 -100 -301
-98 -99 301
-98 -99 -301
-98 -100 301
-98 -100 -301
-99 -100 301
-99 -100 -301
-101 -102 301
-101 -102 -301
-101 -103 301
-101 -103 -301
-101 -104 301
-101 -104 -301
-102 -103 301
-102 -103 -301
-102 -104 301
-102 -104 -301
-103 -104 301
-103 -104 -301
-105 -106 301
-105 -106 -301
-105 -107 301
-105 -107 -301
-105 -108 301
-105 -108 -301
-106 -107 301
-106 -107 -301
-106 -108 301
-106 -108 -301
-107 -108 301
-107 -108 -301
-109 -110 301
-109 -110 -301
-109 -111 301
-109 -111 -301
-109 -112 301
-109 -112 -301
-110 -111 301
-110 -111 -301
-110 -112 301
-110 -112 -301
-111 -112 301
-111 -112 -301
-113 -114 301
-113 -114 -301
-113 -115 301
-113 -115 -301
-113 -116 301
-113 -116 -301
-114 -115 301
-114 -115 -301
-114 -116 301
-114 -116 -301
-115 -116 301
-115 -116 -301
-117 -118 301
-117 -118 -301
-117 -119 301
-117 -119 -301
-117 -120 301
-117 -120 -301
-118 -119 301
-118 -119 -301
-118 -120 301
-118 -120 -301
-119 -120 301
-119 -120 -301
-121 -122 301
-121 -122 -301
-121 -123 301
-121 -123 -301
-121 -124 301
-121 -124 -301
-122 -123 301
-122 -123 -301
-122 -124 301
-122 -124 -301
-123 -124 301
-123 -124 -301
-125 -126 301
-125 -126 -301
-125 -127 301
-125 -127 -301
-125 -128 301
-125 -128 -301
-126 -127 301
-126 -127 -301
-126 -128 301
-126 -128 -301
-127 -128 301
-127 -128 -301
-129 -130 301
-129 -130 -301
-129 -131 301
-129 -131 -301
-129 -132 301
-129 -132 -301
-130 -131 301
-130 -131 -301
-130 -132 301
-130 -132 -301
-131 -132 301
-131 -132 -301
-133 -134 301
-133 -134 -301
-133 -135 301
-133 -135 -301
-133 -136 301
-133 -136 -301
-134 -135 301
-134 -135 -301
-134 -136 301
-134 -136 -301
-135 -136 301
-135 -136 -301
-137 -138 301
-137 -138 -301
-137 -139 301
-137 -139 -301
-137 -140 301
-137 -140 -301
-138 -139 301
-138 -139 -301
-138 -140 301
-138 -140 -301
-139 -140 301
-139 -140 -301
-141 -142 301
-141 -142 -301
-141 -143 301
-141 -143 -301
-141 -144 301
-141 -144 -301
-142 -143 301
-142 -143 -301
-142 -144 301
-142 -144 -301
-143 -144 301
-143 -144 -301
-145 -146 301
-145 -146 -301
-145 -147 301
-145 -147 -301
-145 -148 301
-145 -148 -301
-146 -147 301
-146 -147 -301
-146 -148 301
-146 -148 -301
-147 -148 301
-147 -148 -301
-149 -150 301
-149 -150 -301
-149 -151 301
-149 -151 -301
-149 -152 301
-149 -152 -301
-150 -151 301
-150 -151 -301
-150 -152 301
-150 -152 -301
-151 -152 301
-151 -152 -301
-153 -154 301
-153 -154 -301
-153 -155 301
-153 -155 -301
-153 -156 301
-153 -156 -301
-154 -155 301
-154 -155 -301
-154 -156 301
-154 -156 -301
-155 -156 301
-155 -156 -301
-157 -158 301
-157 -158 -301
-157 -159 301
-157 -159 -301
-157 -160 301
-157 -160 -301
-158 -159 301
-158 -159 -301
-158 -160 301
-158 -160 -301
-159 -160 301
-159 -160 -301
-161 -162 301
-161 -162 -301
-161 -163 301
-161 -163 -301
-161 -164 301
-161 -164 -301
-162 -163 301
-162 -163 -301
-162 -164 301
-162 -164 -301
-163 -164 301
-163 -164 -301
-165 -166 301
-165 -166 -301
-165 -167 301
-165 -167 -301
-165 -168 301
-165 -168 -301
-166 -167 301
-166 -167 -301
-166 -168 301
-166 -168 -301
-167 -168 301
-167 -168 -301
-169 -170 301
-169 -170 -301
-169 -171 301
-169 -171 -301
-169 -172 301
-169 -172 -301
-170 -171 301
-170 -171 -301
-170 -172 301
-170 -172 -301
-171 -172 301
-171 -172 -301
-173 -174 301
-173 -174 -301
-173 -175 301
-173 -175 -301
-173 -176 301
-173 -176 -301
-174 -175 301
-174 -175 -301
-174 -176 301
-174 -176 -301
-175 -176 301
-175 -176 -301
-177 -178 301
-177 -178 -301
-177 -179 301
-177 -179 -301
-177 -180 301
-177 -180 -301
-178 -179 301
-178 -179 -301
-178 -180 301
-178 -180 -301
-179 -180 301
-179 -180 -301
-181 -182 301
-181 -182 -301
-181 -183 301
-181 -183 -301
-181 -184 301
-181 -184 -301
-182 -183 301
-182 -183 -301
-182 -184 301
-182 -184 -301
-183 -184 301
-183 -184 -301
-185 -186 301
-185 -186 -301
-185 -187 301
-185 -187 -301
-185 -188 301
-185 -188 -301
-186 -187 301
-186 -187 -301
-186 -188 301
-186 -188 -301
-187 -188 301
-187 -188 -301
-189 -190 301
-189 -190 -301
-189 -191 301
-189 -191 -301
-189 -192 301
-189 -192 -301
-190 -191 301
-190 -191 -301
-190 -192 301
-190 -192 -301
-191 -192 301
-191 -192 -301
-193 -194 301
-193 -194 -301
-193 -195 301
-193 -195 -301
-193 -196 301
-193 -196 -301
-194 -195 301
-194 -195 -301
-194 -196 301
-194 -196 -301
-195 -196 301
-195 -196 -301
-197 -198 301
-197 -198 -301
-197 -199 301
-197 -199 -301
-197 -200 301
-197 -200 -301
-198 -199 301
-198 -199 -301
-198 -200 301
-198 -200 -301
-199 -200 301
-199 -200 -301
-201 -202 301
-201 -202 -301
-201 -203 301
-201 -203 -301
-201 -204 301
-201 -204 -301
-202 -203 301
-202 -203 -301
-202 -204 301
-202 -204 -301
-203 -204 301
-203 -204 -301
-205 -206 301
-205 -206 -301
-205 -207 301
-205 -207 -301
-205 -208 301
-205 -208 -301
-206 -207 301
-206 -207 -301
-206 -208 301
-206 -208 -301
-207 -208 301
-207 -208 -301
-209 -210 301
-209 -210 -301
-209 -211 301
-209 -211 -301
-209 -212 301
-209 -212 -301
-210 -211 301
-210 -211 -301
-210 -212 301
-210 -212 -301
-211 -212 301
-211 -212 -301
-213 -214 301
-213 -214 -301
-213 -215 301
-213 -215 -301
-213 -216 301
-213 -216 -301
-214 -215 301
-214 -215 -301
-214 -216 301
-214 -216 -301
-215 -216 301
-215 -216 -301
-217 -218 301
-217 -218 -301
-217 -219 301
-217 -219 -301
-217 -220 301
-217 -220 -301
-218 -219 301
-218 -219 -301
-218 -220 301
-218 -220 -301
-219 -220 301
-219 -220 -301
-221 -222 301
-221 -222 -301
-221 -223 301
-221 -223 -301
-221 -224 301
-221 -224 -301
-222 -223 301
-222 -223 -301
-222 -224 301
-222 -224 -301
-223 -224 301
-223 -224 -301
-225 -226 301
-225 -226 -301
-225 -227 301
-225 -227 -301
-225 -228 301
-225 -228 -301
-226 -227 301
-226 -227 -301
-226 -228 301
-226 -228 -301
-227 -228 301
-227 -228 -301
-229 -230 301
-229 -230 -301
-229 -231 301
-229 -231 -301
-229 -232 301
-229 -232 -301
-230 -231 301
-230 -231 -301
-230 -232 301
-230 -232 -301
-231 -232 301
-231 -232 -301
-233 -234 301
-233 -234 -301
-233 -235 301
-233 -235 -301
-233 -236 301
-233 -236 -301
-234 -235 301
-234 -235 -301
-234 -236 301
-234 -236 -301
-235 -236 301
-235 -236 -301
-237 -238 301
-237 -238 -301
-237 -239 301
-237 -239 -301
-237 -240 301
-237 -240 -301
-238 -239 301
-238 -239 -301
-238 -240 301
-238 -240 -301
-239 -240 301
-239 -240 -301
-241 -242 301
-241 -242 -301
-241 -243 301
-241 -243 -301
-241 -244 301
-241 -244 -301
-242 -243 301
-242 -243 -301
-242 -244 301
-242 -244 -301
-243 -244 301
-243 -244 -301
-245 -246 301
-245 -246 -301
-245 -247 301
-245 -247 -301
-245 -248 301
-245 -248 -301
-246 -247 301
-246 -247 -301
-246 -248 301
-246 -248 -301
-247 -248 301
-247 -248 -301
-249 -250 301
-249 -250 -301
-249 -251 301
-249 -251 -301
-249 -252 301
-249 -252 -301
-250 -251 301
-250 -251 -301
-250 -252 301
-250 -252 -301
-251 -252 301
-251 -252 -301
-253 -254 301
-253 -254 -301
-253 -255 301
-253 -255 -301
-253 -256 301
-253 -256 -301
-254 -255 301
-254 -255 -301
-254 -256 301
-254 -256 -301
-255 -256 301
-255 -256 -301
-257 -258 301
-257 -258 -301
-257 -259 301
-257 -259 -301
-257 -260 301
-257 -260 -301
-258 -259 301
-258 -259 -301
-258 -260 301
-258 -260 -301
-259 -260 301
-259 -260 -301
-261 -262 301
-261 -262 -301
-261 -263 301
-261 -263 -301
-261 -264 301
-261 -264 -301
-262 -263 301
-262 -263 -301
-262 -264 301
-262 -264 -301
-263 -264 301
-263 -264 -301
-265 -266 301
-265 -266 -301
-265 -267 301
-265 -267 -301
-265 -268 301
-265 -268 -301
-266 -267 301
-266 -267 -301
-266 -268 301
-266 -268 -301
-267 -268 301
-267 -268 -301
-269 -270 301
-269 -270 -301
-269 -271 301
-269 -271 -301
-269 -272 301
-269 -272 -301
-270 -271 301
-270 -271 -301
-270 -272 301
-270 -272 -301
-271 -272 301
-271 -272 -301
-273 -274 301
-273 -274 -301
-273 -275 301
-273 -275 -301
-273 -276 301
-273 -276 -301
-274 -275 301
-274 -275 -301
-274 -276 301
-274 -276 -301
-275 -276 301
-275 -276 -301
-277 -278 301
-277 -278 -301
-277 -279 301
-277 -279 -301
-277 -280 301
-277 -280 -301
-278 -279 301
-278 -279 -301
-278 -280 301
-278 -280 -301
-279 -280 301
-279 -280 -301
-281 -282 301
-281 -282 -301
-281 -283 301
-281 -283 -301
-281 -284 301
-281 -284 -301
-282 -283 301
-282 -283 -301
-282 -284 301
-282 -284 -301
-283 -284 301
-283 -284 -301
-285 -286 301
-285 -286 -301
-285 -287 301
-285 -287 -301
-285 -288 301
-285 -288 -301
-286 -287 301
-286 -287 -301
-286 -288 301
-286 -288 -301
-287 -288 301
-287 -288 -301
-289 -290 301
-289 -290 -301
-289 -291 301
-289 -291 -301
-289 -292 301
-289 -292 -301
-290 -291 301
-290 -291 -301
-290 -292 301
-290 -292 -301
-291 -292 301
-291 -292 -301
-293 -294 301
-293 -294 -301
-293 -295 301
-293 -295 -301
-293 -296 301
-293 -296 -301
-294 -295 301
-294 -295 -301
-294 -296 301
-294 -296 -301
-295 -296 301
-295 -296 -301
-297 -298 301
-297 -298 -301
-297 -299 301
-297 -299 -301
-297 -300 301
-297 -300 -301
-298 -299 301
-298 -299 -301
-298 -300 301
-298 -300 -301
-299 -300 301
-299 -300 -301
1 2 302
3 4 -302
5 6 303
7 8 -303
9 10 304
11 12 -304
13 14 305
15 16 -305
17 18 306
19 20 -306
21 22 307
23 24 -307
25 26 308
27 28 -308
29 30 309
31 32 -309
33 34 310
35 36 -310
37 38 311
39 40 -311
41 42 312
43 44 -312
45 46 313
47 48 -313
49 50 314
51 52 -314
53 54 315
55 56 -315
57 58 316
59 60 -316
61 62 317
63 64 -317
65 66 318
67 68 -318
69 70 319
71 72 -319
73 74 320
75 76 -320
77 78 321
79 80 -321
81 82 322
83 84 -322
85 86 323
87 88 -323
89 90 324
91 92 -324
93 94 325
95 96 -325
97 98 326
99 100 -326
101 102 327
103 104 -327
105 106 328
107 108 -328
109 110 329
111 112 -329
113 114 330
115 116 -330
117 118 331
119 120 -331
121 122 332
123 124 -332
125 126 333
127 128 -333
129 130 334
131 132 -334
133 134 335
135 136 -335
137 138 336
139 140 -336
141 142 337
143 144 -337
145 146 338
147 148 -338
149 150 339
151 152 -339
153 154 340
155 156 -340
157 158 341
159 160 -341
161 162 342
163 164 -342
165 166 343
167 168 -343
169 170 344
171 172 -344
173 174 345
175 176 -345
177 178 346
179 180 -346
181 182 347
183 184 -347
185 186 348
187 188 -348
189 190 349
191 192 -349
193 194 350
195 196 -350
197 198 351
199 200 -351
201 202 352
203 204 -352
205 206 353
207 208 -353
209 210 354
211 212 -354
213 214 355
215 216 -355
217 218 356
219 220 -356
221 222 357
223 224 -357
225 226 358
227 228 -358
229 230 359
231 232 -359
233 234 360
235 236 -360
237 238 361
239 240 -361
241 242 362
243 244 -362
245 246 363
247 248 -363
249 250 364
251 252 -364
253 254 365
255 256 -365
257 258 366
259 260 -366
261 262 367
263 264 -367
265 266 368
267 268 -368
269 270 369
271 272 -369
273 274 370
275 276 -370
277 278 371
279 280 -371
281 282 372
283 284 -372
285 286 373
287 288 -373
289 290 374
291 292 -374
293 294 375
295 296 -375
297 298 376
299 300 -376
-1 -41 301
-1 -41 -301
-2 -42 301
-2 -42 -301
-3 -43 301
-3 -43 -301
-4 -44 301
-4 -44 -301
-1 -53 301
-1 -53 -301
-2 -54 301
-2 -54 -301
-3 -55 301
-3 -55 -301
-4 -56 301
-4 -56 -301
-1 -141 301
-1 -141 -301
-2 -142 301
-2 -142 -301
-3 -143 301
-3 -143 -301
-4 -144 301
-4 -144 -301
-1 -149 301
-1 -149 -301
-2 -150 301
-2 -150 -301
-3 -151 301
-3 -151 -301
-4 -152 301
-4 -152 -301
-1 -157 301
-1 -157 -301
-2 -158 301
-2 -158 -301
-3 -159 301
-3 -159 -301
-4 -160 301
-4 -160 -301
-1 -161 301
-1 -161 -301
-2 -162 301
-2 -162 -301
-3 -163 301
-3 -163 -301
-4 -164 301
-4 -164 -301
-5 -25 301
-5 -25 -301
-6 -26 301
-6 -26 -301
-7 -27 301
-7 -27 -301
-8 -28 301
-8 -28 -301
-5 -29 301
-5 -29 -301
-6 -30 301
-6 -30 -301
-7 -31 301
-7 -31 -301
-8 -32 301
-8 -32 -301
-5 -89 301
-5 -89 -301
-6 -90 301
-6 -90 -301
-7 -91 301
-7 -91 -301
-8 -92 301
-8 -92 -301
-5 -221 301
-5 -221 -301
-6 -222 301
-6 -222 -301
-7 -223 301
-7 -223 -301
-8 -224 301
-8 -224 -301
-5 -261 301
-5 -261 -301
-6 -262 301
-6 -262 -301
-7 -263 301
-7 -263 -301
-8 -264 301
-8 -264 -301
-9 -45 301
-9 -45 -301
-10 -46 301
-10 -46 -301
-11 -47 301
-11 -47 -301
-12 -48 301
-12 -48 -301
-9 -173 301
-9 -173 -301
-10 -174 301
-10 -174 -301
-11 -175 301
-11 -175 -301
-12 -176 301
-12 -176 -301
-9 -217 301
-9 -217 -301
-10 -218 301
-10 -218 -301
-11 -219 301
-11 -219 -301
-12 -220 301
-12 -220 -301
-9 -221 301
-9 -221 -301
-10 -222 301
-10 -222 -301
-11 -223 301
-11 -223 -301
-12 -224 301
-12 -224 -301
-9 -261 301
-9 -261 -301
-10 -262 301
-10 -262 -301
-11 -263 301
-11 -263 -301
-12 -264 301
-12 -264 -301
-9 -269 301
-9 -269 -301
-10 -270 301
-10 -270 -301
-11 -271 301
-11 -271 -301
-12 -272 301
-12 -272 -301
-13 -21 301
-13 -21 -301
-14 -22 301
-14 -22 -301
-15 -23 301
-15 -23 -301
-16 -24 301
-16 -24 -301
-13 -25 301
-13 -25 -301
-14 -26 301
-14 -26 -301
-15 -27 301
-15 -27 -301
-16 -28 301
-16 -28 -301
-13 -133 301
-13 -133 -301
-14 -134 301
-14 -134 -301
-15 -135 301
-15 -135 -301
-16 -136 301
-16 -136 -301
-13 -245 301
-13 -245 -301
-14 -246 301
-14 -246 -301
-15 -247 301
-15 -247 -301
-16 -248 301
-16 -248 -301
-13 -277 301
-13 -277 -301
-14 -278 301
-14 -278 -301
-15 -279 301
-15 -279 -301
-16 -280 301
-16 -280 -301
-17 -37 301
-17 -37 -301
-18 -38 301
-18 -38 -301
-19 -39 301
-19 -39 -301
-20 -40 301
-20 -40 -301
-17 -73 301
-17 -73 -301
-18 -74 301
-18 -74 -301
-19 -75 301
-19 -75 -301
-20 -76 301
-20 -76 -301
-17 -113 301
-17 -113 -301
-18 -114 301
-18 -114 -301
-19 -115 301
-19 -115 -301
-20 -116 301
-20 -116 -301
-17 -189 301
-17 -189 -301
-18 -190 301
-18 -190 -301
-19 -191 301
-19 -191 -301
-20 -192 301
-20 -192 -301
-17 -229 301
-17 -229 -301
-18 -230 301
-18 -230 -301
-19 -231 301
-19 -231 -301
-20 -232 301
-20 -232 -301
-17 -253 301
-17 -253 -301
-18 -254 301
-18 -254 -301
-19 -255 301
-19 -255 -301
-20 -256 301
-20 -256 -301
-17 -265 301
-17 -265 -301
-18 -266 301
-18 -266 -301
-19 -267 301
-19 -267 -301
-20 -268 301
-20 -268 -301
-21 -89 301
-21 -89 -301
-22 -90 301
-22 -90 -301
-23 -91 301
-23 -91 -301
-24 -92 301
-24 -92 -301
-21 -113 301
-21 -113 -301
-22 -114 301
-22 -114 -301
-23 -115 301
-23 -115 -301
-24 -116 301
-24 -116 -301
-21 -205 301
-21 -205 -301
-22 -206 301
-22 -206 -301
-23 -207 301
-23 -207 -301
-24 -208 301
-24 -208 -301
-21 -209 301
-21 -209 -301
-22 -210 301
-22 -210 -301
-23 -211 301
-23 -211 -301
-24 -212 301
-24 -212 -301
-21 -249 301
-21 -249 -301
-22 -250 301
-22 -250 -301
-23 -251 301
-23 -251 -301
-24 -252 301
-24 -252 -301
-25 -109 301
-25 -109 -301
-26 -110 301
-26 -110 -301
-27 -111 301
-27 -111 -301
-28 -112 301
-28 -112 -301
-25 -133 301
-25 -133 -301
-26 -134 301
-26 -134 -301
-27 -135 301
-27 -135 -301
-28 -136 301
-28 -136 -301
-25 -137 301
-25 -137 -301
-26 -138 301
-26 -138 -301
-27 -139 301
-27 -139 -301
-28 -140 301
-28 -140 -301
-25 -225 301
-25 -225 -301
-26 -226 301
-26 -226 -301
-27 -227 301
-27 -227 -301
-28 -228 301
-28 -228 -301
-25 -233 301
-25 -233 -301
-26 -234 301
-26 -234 -301
-27 -235 301
-27 -235 -301
-28 -236 301
-28 -236 -301
-25 -261 301
-25 -261 -301
-26 -262 301
-26 -262 -301
-27 -263 301
-27 -263 -301
-28 -264 301
-28 -264 -301
-29 -137 301
-29 -137 -301
-30 -138 301
-30 -138 -301
-31 -139 301
-31 -139 -301
-32 -140 301
-32 -140 -301
-29 -181 301
-29 -181 -301
-30 -182 301
-30 -182 -301
-31 -183 301
-31 -183 -301
-32 -184 301
-32 -184 -301
-29 -217 301
-29 -217 -301
-30 -218 301
-30 -218 -301
-31 -219 301
-31 -219 -301
-32 -220 301
-32 -220 -301
-29 -257 301
-29 -257 -301
-30 -258 301
-30 -258 -301
-31 -259 301
-31 -259 -301
-32 -260 301
-32 -260 -301
-29 -281 301
-29 -281 -301
-30 -282 301
-30 -282 -301
-31 -283 301
-31 -283 -301
-32 -284 301
-32 -284 -301
-29 -293 301
-29 -293 -301
-30 -294 301
-30 -294 -301
-31 -295 301
-31 -295 -301
-32 -296 301
-32 -296 -301
-33 -105 301
-33 -105 -301
-34 -106 301
-34 -106 -301
-35 -107 301
-35 -107 -301
-36 -108 301
-36 -108 -301
-33 -113 301
-33 -113 -301
-34 -114 301
-34 -114 -301
-35 -115 301
-35 -115 -301
-36 -116 301
-36 -116 -301
-33 -121 301
-33 -121 -301
-34 -122 301
-34 -122 -301
-35 -123 301
-35 -123 -301
-36 -124 301
-36 -124 -301
-33 -125 301
-33 -125 -301
-34 -126 301
-34 -126 -301
-35 -127 301
-35 -127 -301
-36 -128 301
-36 -128 -301
-33 -189 301
-33 -189 -301
-34 -190 301
-34 -190 -301
-35 -191 301
-35 -191 -301
-36 -192 301
-36 -192 -301
-33 -197 301
-33 -197 -301
-34 -198 301
-34 -198 -301
-35 -199 301
-35 -199 -301
-36 -200 301
-36 -200 -301
-33 -297 301
-33 -297 -301
-34 -298 301
-34 -298 -301
-35 -299 301
-35 -299 -301
-36 -300 301
-36 -300 -301
-37 -73 301
-37 -73 -301
-38 -74 301
-38 -74 -301
-39 -75 301
-39 -75 -301
-40 -76 301
-40 -76 -301
-37 -105 301
-37 -105 -301
-38 -106 301
-38 -106 -301
-39 -107 301
-39 -107 -301
-40 -108 301
-40 -108 -301
-37 -109 301
-37 -109 -301
-38 -110 301
-38 -110 -301
-39 -111 301
-39 -111 -301
-40 -112 301
-40 -112 -301
-37 -117 301
-37 -117 -301
-38 -118 301
-38 -118 -301
-39 -119 301
-39 -119 -301
-40 -120 301
-40 -120 -301
-37 -157 301
-37 -157 -301
-38 -158 301
-38 -158 -301
-39 -159 301
-39 -159 -301
-40 -160 301
-40 -160 -301
-37 -193 301
-37 -193 -301
-38 -194 301
-38 -194 -301
-39 -195 301
-39 -195 -301
-40 -196 301
-40 -196 -301
-37 -237 301
-37 -237 -301
-38 -238 301
-38 -238 -301
-39 -239 301
-39 -239 -301
-40 -240 301
-40 -240 -301
-41 -77 301
-41 -77 -301
-42 -78 301
-42 -78 -301
-43 -79 301
-43 -79 -301
-44 -80 301
-44 -80 -301
-41 -213 301
-41 -213 -301
-42 -214 301
-42 -214 -301
-43 -215 301
-43 -215 -301
-44 -216 301
-44 -216 -301
-41 -229 301
-41 -229 -301
-42 -230 301
-42 -230 -301
-43 -231 301
-43 -231 -301
-44 -232 301
-44 -232 -301
-41 -261 301
-41 -261 -301
-42 -262 301
-42 -262 -301
-43 -263 301
-43 -263 -301
-44 -264 301
-44 -264 -301
-41 -285 301
-41 -285 -301
-42 -286 301
-42 -286 -301
-43 -287 301
-43 -287 -301
-44 -288 301
-44 -288 -301
-41 -289 301
-41 -289 -301
-42 -290 301
-42 -290 -301
-43 -291 301
-43 -291 -301
-44 -292 301
-44 -292 -301
-45 -81 301
-45 -81 -301
-46 -82 301
-46 -82 -301
-47 -83 301
-47 -83 -301
-48 -84 301
-48 -84 -301
-45 -169 301
-45 -169 -301
-46 -170 301
-46 -170 -301
-47 -171 301
-47 -171 -301
-48 -172 301
-48 -172 -301
-45 -269 301
-45 -269 -301
-46 -270 301
-46 -270 -301
-47 -271 301
-47 -271 -301
-48 -272 301
-48 -272 -301
-49 -57 301
-49 -57 -301
-50 -58 301
-50 -58 -301
-51 -59 301
-51 -59 -301
-52 -60 301
-52 -60 -301
-49 -77 301
-49 -77 -301
-50 -78 301
-50 -78 -301
-51 -79 301
-51 -79 -301
-52 -80 301
-52 -80 -301
-49 -121 301
-49 -121 -301
-50 -122 301
-50 -122 -301
-51 -123 301
-51 -123 -301
-52 -124 301
-52 -124 -301
-49 -145 301
-49 -145 -301
-50 -146 301
-50 -146 -301
-51 -147 301
-51 -147 -301
-52 -148 301
-52 -148 -301
-49 -173 301
-49 -173 -301
-50 -174 301
-50 -174 -301
-51 -175 301
-51 -175 -301
-52 -176 301
-52 -176 -301
-49 -181 301
-49 -181 -301
-50 -182 301
-50 -182 -301
-51 -183 301
-51 -183 -301
-52 -184 301
-52 -184 -301
-49 -185 301
-49 -185 -301
-50 -186 301
-50 -186 -301
-51 -187 301
-51 -187 -301
-52 -188 301
-52 -188 -301
-49 -197 301
-49 -197 -301
-50 -198 301
-50 -198 -301
-51 -199 301
-51 -199 -301
-52 -200 301
-52 -200 -301
-53 -69 301
-53 -69 -301
-54 -70 301
-54 -70 -301
-55 -71 301
-55 -71 -301
-56 -72 301
-56 -72 -301
-53 -73 301
-53 -73 -301
-54 -74 301
-54 -74 -301
-55 -75 301
-55 -75 -301
-56 -76 301
-56 -76 -301
-53 -101 301
-53 -101 -301
-54 -102 301
-54 -102 -301
-55 -103 301
-55 -103 -301
-56 -104 301
-56 -104 -301
-53 -229 301
-53 -229 -301
-54 -230 301
-54 -230 -301
-55 -231 301
-55 -231 -301
-56 -232 301
-56 -232 -301
-57 -81 301
-57 -81 -301
-58 -82 301
-58 -82 -301
-59 -83 301
-59 -83 -301
-60 -84 301
-60 -84 -301
-57 -101 301
-57 -101 -301
-58 -102 301
-58 -102 -301
-59 -103 301
-59 -103 -301
-60 -104 301
-60 -104 -301
-61 -65 301
-61 -65 -301
-62 -66 301
-62 -66 -301
-63 -67 301
-63 -67 -301
-64 -68 301
-64 -68 -301
-61 -141 301
-61 -141 -301
-62 -142 301
-62 -142 -301
-63 -143 301
-63 -143 -301
-64 -144 301
-64 -144 -301
-61 -149 301
-61 -149 -301
-62 -150 301
-62 -150 -301
-63 -151 301
-63 -151 -301
-64 -152 301
-64 -152 -301
-61 -169 301
-61 -169 -301
-62 -170 301
-62 -170 -301
-63 -171 301
-63 -171 -301
-64 -172 301
-64 -172 -301
-61 -197 301
-61 -197 -301
-62 -198 301
-62 -198 -301
-63 -199 301
-63 -199 -301
-64 -200 301
-64 -200 -301
-65 -85 301
-65 -85 -301
-66 -86 301
-66 -86 -301
-67 -87 301
-67 -87 -301
-68 -88 301
-68 -88 -301
-69 -73 301
-69 -73 -301
-70 -74 301
-70 -74 -301
-71 -75 301
-71 -75 -301
-72 -76 301
-72 -76 -301
-69 -77 301
-69 -77 -301
-70 -78 301
-70 -78 -301
-71 -79 301
-71 -79 -301
-72 -80 301
-72 -80 -301
-69 -109 301
-69 -109 -301
-70 -110 301
-70 -110 -301
-71 -111 301
-71 -111 -301
-72 -112 301
-72 -112 -301
-69 -197 301
-69 -197 -301
-70 -198 301
-70 -198 -301
-71 -199 301
-71 -199 -301
-72 -200 301
-72 -200 -301
-69 -229 301
-69 -229 -301
-70 -230 301
-70 -230 -301
-71 -231 301
-71 -231 -301
-72 -232 301
-72 -232 -301
-69 -293 301
-69 -293 -301
-70 -294 301
-70 -294 -301
-71 -295 301
-71 -295 -301
-72 -296 301
-72 -296 -301
-73 -165 301
-73 -165 -301
-74 -166 301
-74 -166 -301
-75 -167 301
-75 -167 -301
-76 -168 301
-76 -168 -301
-77 -289 301
-77 -289 -301
-78 -290 301
-78 -290 -301
-79 -291 301
-79 -291 -301
-80 -292 301
-80 -292 -301
-81 -141 301
-81 -141 -301
-82 -142 301
-82 -142 -301
-83 -143 301
-83 -143 -301
-84 -144 301
-84 -144 -301
-81 -285 301
-81 -285 -301
-82 -286 301
-82 -286 -301
-83 -287 301
-83 -287 -301
-84 -288 301
-84 -288 -301
-85 -101 301
-85 -101 -301
-86 -102 301
-86 -102 -301
-87 -103 301
-87 -103 -301
-88 -104 301
-88 -104 -301
-85 -145 301
-85 -145 -301
-86 -146 301
-86 -146 -301
-87 -147 301
-87 -147 -301
-88 -148 301
-88 -148 -301
-85 -177 301
-85 -177 -301
-86 -178 301
-86 -178 -301
-87 -179 301
-87 -179 -301
-88 -180 301
-88 -180 -301
-85 -257 301
-85 -257 -301
-86 -258 301
-86 -258 -301
-87 -259 301
-87 -259 -301
-88 -260 301
-88 -260 -301
-89 -105 301
-89 -105 -301
-90 -106 301
-90 -106 -301
-91 -107 301
-91 -107 -301
-92 -108 301
-92 -108 -301
-89 -117 301
-89 -117 -301
-90 -118 301
-90 -118 -301
-91 -119 301
-91 -119 -301
-92 -120 301
-92 -120 -301
-89 -141 301
-89 -141 -301
-90 -142 301
-90 -142 -301
-91 -143 301
-91 -143 -301
-92 -144 301
-92 -144 -301
-89 -265 301
-89 -265 -301
-90 -266 301
-90 -266 -301
-91 -267 301
-91 -267 -301
-92 -268 301
-92 -268 -301
-93 -121 301
-93 -121 -301
-94 -122 301
-94 -122 -301
-95 -123 301
-95 -123 -301
-96 -124 301
-96 -124 -301
-93 -145 301
-93 -145 -301
-94 -146 301
-94 -146 -301
-95 -147 301
-95 -147 -301
-96 -148 301
-96 -148 -301
-93 -165 301
-93 -165 -301
-94 -166 301
-94 -166 -301
-95 -167 301
-95 -167 -301
-96 -168 301
-96 -168 -301
-93 -293 301
-93 -293 -301
-94 -294 301
-94 -294 -301
-95 -295 301
-95 -295 -301
-96 -296 301
-96 -296 -301
-97 -109 301
-97 -109 -301
-98 -110 301
-98 -110 -301
-99 -111 301
-99 -111 -301
-100 -112 301
-100 -112 -301
-97 -133 301
-97 -133 -301
-98 -134 301
-98 -134 -301
-99 -135 301
-99 -135 -301
-100 -136 301
-100 -136 -301
-97 -137 301
-97 -137 -301
-98 -138 301
-98 -138 -301
-99 -139 301
-99 -139 -301
-100 -140 301
-100 -140 -301
-97 -153 301
-97 -153 -301
-98 -154 301
-98 -154 -301
-99 -155 301
-99 -155 -301
-100 -156 301
-100 -156 -301
-97 -185 301
-97 -185 -301
-98 -186 301
-98 -186 -301
-99 -187 301
-99 -187 -301
-100 -188 301
-100 -188 -301
-97 -237 301
-97 -237 -301
-98 -238 301
-98 -238 -301
-99 -239 301
-99 -239 -301
-100 -240 301
-100 -240 -301
-101 -121 301
-101 -121 -301
-102 -122 301
-102 -122 -301
-103 -123 301
-103 -123 -301
-104 -124 301
-104 -124 -301
-101 -197 301
-101 -197 -301
-102 -198 301
-102 -198 -301
-103 -199 301
-103 -199 -301
-104 -200 301
-104 -200 -301
-101 -257 301
-101 -257 -301
-102 -258 301
-102 -258 -301
-103 -259 301
-103 -259 -301
-104 -260 301
-104 -260 -301
-101 -281 301
-101 -281 -301
-102 -282 301
-102 -282 -301
-103 -283 301
-103 -283 -301
-104 -284 301
-104 -284 -301
-105 -125 301
-105 -125 -301
-106 -126 301
-106 -126 -301
-107 -127 301
-107 -127 -301
-108 -128 301
-108 -128 -301
-105 -129 301
-105 -129 -301
-106 -130 301
-106 -130 -301
-107 -131 301
-107 -131 -301
-108 -132 301
-108 -132 -301
-105 -137 301
-105 -137 -301
-106 -138 301
-106 -138 -301
-107 -139 301
-107 -139 -301
-108 -140 301
-108 -140 -301
-105 -249 301
-105 -249 -301
-106 -250 301
-106 -250 -301
-107 -251 301
-107 -251 -301
-108 -252 301
-108 -252 -301
-105 -253 301
-105 -253 -301
-106 -254 301
-106 -254 -301
-107 -255 301
-107 -255 -301
-108 -256 301
-108 -256 -301
-109 -225 301
-109 -225 -301
-110 -226 301
-110 -226 -301
-111 -227 301
-111 -227 -301
-112 -228 301
-112 -228 -301
-109 -253 301
-109 -253 -301
-110 -254 301
-110 -254 -301
-111 -255 301
-111 -255 -301
-112 -256 301
-112 -256 -301
-113 -269 301
-113 -269 -301
-114 -270 301
-114 -270 -301
-115 -271 301
-115 -271 -301
-116 -272 301
-116 -272 -301
-117 -141 301
-117 -141 -301
-118 -142 301
-118 -142 -301
-119 -143 301
-119 -143 -301
-120 -144 301
-120 -144 -301
-117 -177 301
-117 -177 -301
-118 -178 301
-118 -178 -301
-119 -179 301
-119 -179 -301
-120 -180 301
-120 -180 -301
-117 -197 301
-117 -197 -301
-118 -198 301
-118 -198 -301
-119 -199 301
-119 -199 -301
-120 -200 301
-120 -200 -301
-117 -237 301
-117 -237 -301
-118 -238 301
-118 -238 -301
-119 -239 301
-119 -239 -301
-120 -240 301
-120 -240 -301
-117 -277 301
-117 -277 -301
-118 -278 301
-118 -278 -301
-119 -279 301
-119 -279 -301
-120 -280 301
-120 -280 -301
-121 -173 301
-121 -173 -301
-122 -174 301
-122 -174 -301
-123 -175 301
-123 -175 -301
-124 -176 301
-124 -176 -301
-121 -285 301
-121 -285 -301
-122 -286 301
-122 -286 -301
-123 -287 301
-123 -287 -301
-124 -288 301
-124 -288 -301
-125 -157 301
-125 -157 -301
-126 -158 301
-126 -158 -301
-127 -159 301
-127 -159 -301
-128 -160 301
-128 -160 -301
-125 -181 301
-125 -181 -301
-126 -182 301
-126 -182 -301
-127 -183 301
-127 -183 -301
-128 -184 301
-128 -184 -301
-125 -185 301
-125 -185 -301
-126 -186 301
-126 -186 -301
-127 -187 301
-127 -187 -301
-128 -188 301
-128 -188 -301
-125 -189 301
-125 -189 -301
-126 -190 301
-126 -190 -301
-127 -191 301
-127 -191 -301
-128 -192 301
-128 -192 -301
-125 -201 301
-125 -201 -301
-126 -202 301
-126 -202 -301
-127 -203 301
-127 -203 -301
-128 -204 301
-128 -204 -301
-125 -217 301
-125 -217 -301
-126 -218 301
-126 -218 -301
-127 -219 301
-127 -219 -301
-128 -220 301
-128 -220 -301
-125 -249 301
-125 -249 -301
-126 -250 301
-126 -250 -301
-127 -251 301
-127 -251 -301
-128 -252 301
-128 -252 -301
-129 -193 301
-129 -193 -301
-130 -194 301
-130 -194 -301
-131 -195 301
-131 -195 -301
-132 -196 301
-132 -196 -301
-129 -241 301
-129 -241 -301
-130 -242 301
-130 -242 -301
-131 -243 301
-131 -243 -301
-132 -244 301
-132 -244 -301
-129 -277 301
-129 -277 -301
-130 -278 301
-130 -278 -301
-131 -279 301
-131 -279 -301
-132 -280 301
-132 -280 -301
-129 -285 301
-129 -285 -301
-130 -286 301
-130 -286 -301
-131 -287 301
-131 -287 -301
-132 -288 301
-132 -288 -301
-129 -293 301
-129 -293 -301
-130 -294 301
-130 -294 -301
-131 -295 301
-131 -295 -301
-132 -296 301
-132 -296 -301
-133 -145 301
-133 -145 -301
-134 -146 301
-134 -146 -301
-135 -147 301
-135 -147 -301
-136 -148 301
-136 -148 -301
-133 -153 301
-133 -153 -301
-134 -154 301
-134 -154 -301
-135 -155 301
-135 -155 -301
-136 -156 301
-136 -156 -301
-133 -173 301
-133 -173 -301
-134 -174 301
-134 -174 -301
-135 -175 301
-135 -175 -301
-136 -176 301
-136 -176 -301
-133 -241 301
-133 -241 -301
-134 -242 301
-134 -242 -301
-135 -243 301
-135 -243 -301
-136 -244 301
-136 -244 -301
-133 -265 301
-133 -265 -301
-134 -266 301
-134 -266 -301
-135 -267 301
-135 -267 -301
-136 -268 301
-136 -268 -301
-137 -165 301
-137 -165 -301
-138 -166 301
-138 -166 -301
-139 -167 301
-139 -167 -301
-140 -168 301
-140 -168 -301
-137 -181 301
-137 -181 -301
-138 -182 301
-138 -182 -301
-139 -183 301
-139 -183 -301
-140 -184 301
-140 -184 -301
-137 -205 301
-137 -205 -301
-138 -206 301
-138 -206 -301
-139 -207 301
-139 -207 -301
-140 -208 301
-140 -208 -301
-137 -225 301
-137 -225 -301
-138 -226 301
-138 -226 -301
-139 -227 301
-139 -227 -301
-140 -228 301
-140 -228 -301
-137 -269 301
-137 -269 -301
-138 -270 301
-138 -270 -301
-139 -271 301
-139 -271 -301
-140 -272 301
-140 -272 -301
-141 -177 301
-141 -177 -301
-142 -178 301
-142 -178 -301
-143 -179 301
-143 -179 -301
-144 -180 301
-144 -180 -301
-141 -185 301
-141 -185 -301
-142 -186 301
-142 -186 -301
-143 -187 301
-143 -187 -301
-144 -188 301
-144 -188 -301
-141 -245 301
-141 -245 -301
-142 -246 301
-142 -246 -301
-143 -247 301
-143 -247 -301
-144 -248 301
-144 -248 -301
-145 -177 301
-145 -177 -301
-146 -178 301
-146 -178 -301
-147 -179 301
-147 -179 -301
-148 -180 301
-148 -180 -301
-145 -193 301
-145 -193 -301
-146 -194 301
-146 -194 -301
-147 -195 301
-147 -195 -301
-148 -196 301
-148 -196 -301
-149 -217 301
-149 -217 -301
-150 -218 301
-150 -218 -301
-151 -219 301
-151 -219 -301
-152 -220 301
-152 -220 -301
-149 -261 301
-149 -261 -301
-150 -262 301
-150 -262 -301
-151 -263 301
-151 -263 -301
-152 -264 301
-152 -264 -301
-149 -297 301
-149 -297 -301
-150 -298 301
-150 -298 -301
-151 -299 301
-151 -299 -301
-152 -300 301
-152 -300 -301
-153 -229 301
-153 -229 -301
-154 -230 301
-154 -230 -301
-155 -231 301
-155 -231 -301
-156 -232 301
-156 -232 -301
-153 -237 301
-153 -237 -301
-154 -238 301
-154 -238 -301
-155 -239 301
-155 -239 -301
-156 -240 301
-156 -240 -301
-153 -261 301
-153 -261 -301
-154 -262 301
-154 -262 -301
-155 -263 301
-155 -263 -301
-156 -264 301
-156 -264 -301
-153 -269 301
-153 -269 -301
-154 -270 301
-154 -270 -301
-155 -271 301
-155 -271 -301
-156 -272 301
-156 -272 -301
-153 -289 301
-153 -289 -301
-154 -290 301
-154 -290 -301
-155 -291 301
-155 -291 -301
-156 -292 301
-156 -292 -301
-157 -217 301
-157 -217 -301
-158 -218 301
-158 -218 -301
-159 -219 301
-159 -219 -301
-160 -220 301
-160 -220 -301
-157 -249 301
-157 -249 -301
-158 -250 301
-158 -250 -301
-159 -251 301
-159 -251 -301
-160 -252 301
-160 -252 -301
-157 -253 301
-157 -253 -301
-158 -254 301
-158 -254 -301
-159 -255 301
-159 -255 -301
-160 -256 301
-160 -256 -301
-157 -289 301
-157 -289 -301
-158 -290 301
-158 -290 -301
-159 -291 301
-159 -291 -301
-160 -292 301
-160 -292 -301
-161 -177 301
-161 -177 -301
-162 -178 301
-162 -178 -301
-163 -179 301
-163 -179 -301
-164 -180 301
-164 -180 -301
-161 -193 301
-161 -193 -301
-162 -194 301
-162 -194 -301
-163 -195 301
-163 -195 -301
-164 -196 301
-164 -196 -301
-161 -213 301
-161 -213 -301
-162 -214 301
-162 -214 -301
-163 -215 301
-163 -215 -301
-164 -216 301
-164 -216 -301
-165 -181 301
-165 -181 -301
-166 -182 301
-166 -182 -301
-167 -183 301
-167 -183 -301
-168 -184 301
-168 -184 -301
-165 -217 301
-165 -217 -301
-166 -218 301
-166 -218 -301
-167 -219 301
-167 -219 -301
-168 -220 301
-168 -220 -301
-165 -253 301
-165 -253 -301
-166 -254 301
-166 -254 -301
-167 -255 301
-167 -255 -301
-168 -256 301
-168 -256 -301
-165 -273 301
-165 -273 -301
-166 -274 301
-166 -274 -301
-167 -275 301
-167 -275 -301
-168 -276 301
-168 -276 -301
-169 -201 301
-169 -201 -301
-170 -202 301
-170 -202 -301
-171 -203 301
-171 -203 -301
-172 -204 301
-172 -204 -301
-173 -193 301
-173 -193 -301
-174 -194 301
-174 -194 -301
-175 -195 301
-175 -195 -301
-176 -196 301
-176 -196 -301
-173 -197 301
-173 -197 -301
-174 -198 301
-174 -198 -301
-175 -199 301
-175 -199 -301
-176 -200 301
-176 -200 -301
-173 -237 301
-173 -237 -301
-174 -238 301
-174 -238 -301
-175 -239 301
-175 -239 -301
-176 -240 301
-176 -240 -301
-173 -269 301
-173 -269 -301
-174 -270 301
-174 -270 -301
-175 -271 301
-175 -271 -301
-176 -272 301
-176 -272 -301
-177 -249 301
-177 -249 -301
-178 -250 301
-178 -250 -301
-179 -251 301
-179 -251 -301
-180 -252 301
-180 -252 -301
-177 -261 301
-177 -261 -301
-178 -262 301
-178 -262 -301
-179 -263 301
-179 -263 -301
-180 -264 301
-180 -264 -301
-177 -265 301
-177 -265 -301
-178 -266 301
-178 -266 -301
-179 -267 301
-179 -267 -301
-180 -268 301
-180 -268 -301
-177 -269 301
-177 -269 -301
-178 -270 301
-178 -270 -301
-179 -271 301
-179 -271 -301
-180 -272 301
-180 -272 -301
-181 -197 301
-181 -197 -301
-182 -198 301
-182 -198 -301
-183 -199 301
-183 -199 -301
-184 -200 301
-184 -200 -301
-181 -241 301
-181 -241 -301
-182 -242 301
-182 -242 -301
-183 -243 301
-183 -243 -301
-184 -244 301
-184 -244 -301
-185 -205 301
-185 -205 -301
-186 -206 301
-186 -206 -301
-187 -207 301
-187 -207 -301
-188 -208 301
-188 -208 -301
-185 -277 301
-185 -277 -301
-186 -278 301
-186 -278 -301
-187 -279 301
-187 -279 -301
-188 -280 301
-188 -280 -301
-189 -193 301
-189 -193 -301
-190 -194 301
-190 -194 -301
-191 -195 301
-191 -195 -301
-192 -196 301
-192 -196 -301
-189 -233 301
-189 -233 -301
-190 -234 301
-190 -234 -301
-191 -235 301
-191 -235 -301
-192 -236 301
-192 -236 -301
-193 -205 301
-193 -205 -301
-194 -206 301
-194 -206 -301
-195 -207 301
-195 -207 -301
-196 -208 301
-196 -208 -301
-197 -257 301
-197 -257 -301
-198 -258 301
-198 -258 -301
-199 -259 301
-199 -259 -301
-200 -260 301
-200 -260 -301
-197 -289 301
-197 -289 -301
-198 -290 301
-198 -290 -301
-199 -291 301
-199 -291 -301
-200 -292 301
-200 -292 -301
-201 -297 301
-201 -297 -301
-202 -298 301
-202 -298 -301
-203 -299 301
-203 -299 -301
-204 -300 301
-204 -300 -301
-205 -289 301
-205 -289 -301
-206 -290 301
-206 -290 -301
-207 -291 301
-207 -291 -301
-208 -292 301
-208 -292 -301
-213 -229 301
-213 -229 -301
-214 -230 301
-214 -230 -301
-215 -231 301
-215 -231 -301
-216 -232 301
-216 -232 -301
-213 -253 301
-213 -253 -301
-214 -254 301
-214 -254 -301
-215 -255 301
-215 -255 -301
-216 -256 301
-216 -256 -301
-213 -293 301
-213 -293 -301
-214 -294 301
-214 -294 -301
-215 -295 301
-215 -295 -301
-216 -296 301
-216 -296 -301
-213 -297 301
-213 -297 -301
-214 -298 301
-214 -298 -301
-215 -299 301
-215 -299 -301
-216 -300 301
-216 -300 -301
-229 -257 301
-229 -257 -301
-230 -258 301
-230 -258 -301
-231 -259 301
-231 -259 -301
-232 -260 301
-232 -260 -301
-233 -237 301
-233 -237 -301
-234 -238 301
-234 -238 -301
-235 -239 301
-235 -239 -301
-236 -240 301
-236 -240 -301
-233 -257 301
-233 -257 -301
-234 -258 301
-234 -258 -301
-235 -259 301
-235 -259 -301
-236 -260 301
-236 -260 -301
-237 -285 301
-237 -285 -301
-238 -286 301
-238 -286 -301
-239 -287 301
-239 -287 -301
-240 -288 301
-240 -288 -301
-241 -289 301
-241 -289 -301
-242 -290 301
-242 -290 -301
-243 -291 301
-243 -291 -301
-244 -292 301
-244 -292 -301
-249 -281 301
-249 -281 -301
-250 -282 301
-250 -282 -301
-251 -283 301
-251 -283 -301
-252 -284 301
-252 -284 -301
-253 -257 301
-253 -257 -301
-254 -258 301
-254 -258 -301
-255 -259 301
-255 -259 -301
-256 -260 301
-256 -260 -301
-261 -277 301
-261 -277 -301
-262 -278 301
-262 -278 -301
-263 -279 301
-263 -279 -301
-264 -280 301
-264 -280 -301
-261 -285 301
-261 -285 -301
-262 -286 301
-262 -286 -301
-263 -287 301
-263 -287 -301
-264 -288 301
-264 -288 -301
-261 -289 301
-261 -289 -301
-262 -290 301
-262 -290 -301
-263 -291 301
-263 -291 -301
-264 -292 301
-264 -292 -301
-273 -297 301
-273 -297 -301
-274 -298 301
-274 -298 -301
-275 -299 301
-275 -299 -301
-276 -300 301
-276 -300 -301
-281 -297 301
-281 -297 -301
-282 -298 301
-282 -298 -301
-283 -299 301
-283 -299 -301
-284 -300 301
-284 -300 -301
$
