75
1 11 1
1 14 1
1 36 1
1 38 1
1 40 1
1 41 1
2 7 1
2 8 1
2 23 1
2 56 1
2 66 1
3 12 1
3 44 1
3 55 1
3 56 1
3 66 1
3 68 1
4 6 1
4 7 1
4 34 1
4 62 1
4 70 1
5 10 1
5 19 1
5 29 1
5 48 1
5 58 1
5 64 1
5 67 1
6 4 1
6 23 1
6 29 1
6 52 1
6 53 1
6 63 1
7 2 1
7 4 1
7 28 1
7 34 1
7 35 1
7 57 1
7 59 1
7 66 1
8 2 1
8 35 1
8 46 1
8 55 1
8 65 1
8 71 1
8 74 1
9 27 1
9 29 1
9 31 1
9 32 1
9 48 1
9 50 1
9 75 1
10 5 1
10 19 1
10 27 1
10 28 1
10 30 1
10 40 1
10 49 1
10 60 1
11 1 1
11 20 1
11 54 1
11 58 1
11 66 1
11 72 1
11 73 1
12 3 1
12 21 1
12 43 1
12 68 1
13 15 1
13 20 1
13 31 1
13 37 1
13 44 1
13 46 1
13 47 1
13 50 1
14 1 1
14 18 1
14 19 1
14 26 1
14 58 1
15 13 1
15 21 1
15 26 1
16 17 1
16 36 1
16 38 1
16 43 1
16 50 1
17 16 1
17 22 1
18 14 1
18 19 1
18 20 1
18 28 1
18 50 1
18 58 1
18 74 1
19 5 1
19 10 1
19 14 1
19 18 1
19 42 1
20 11 1
20 13 1
20 18 1
20 73 1
21 12 1
21 15 1
21 36 1
21 72 1
22 17 1
22 26 1
22 37 1
22 45 1
22 65 1
23 2 1
23 6 1
23 27 1
23 30 1
23 36 1
23 67 1
24 31 1
24 37 1
24 42 1
24 74 1
25 28 1
25 34 1
25 35 1
25 39 1
25 47 1
25 60 1
26 14 1
26 15 1
26 22 1
26 31 1
26 50 1
26 65 1
26 71 1
27 9 1
27 10 1
27 23 1
27 32 1
27 33 1
27 35 1
27 63 1
27 64 1
28 7 1
28 10 1
28 18 1
28 25 1
28 57 1
28 64 1
29 5 1
29 6 1
29 9 1
29 68 1
30 10 1
30 23 1
30 36 1
30 45 1
30 50 1
30 60 1
30 70 1
31 9 1
31 13 1
31 24 1
31 26 1
31 44 1
31 72 1
32 9 1
32 27 1
32 40 1
32 46 1
32 47 1
32 48 1
32 51 1
32 55 1
32 63 1
33 27 1
33 49 1
33 61 1
33 70 1
33 72 1
33 74 1
34 4 1
34 7 1
34 25 1
34 37 1
34 39 1
34 44 1
34 61 1
34 67 1
35 7 1
35 8 1
35 25 1
35 27 1
35 42 1
35 46 1
35 52 1
35 57 1
35 68 1
36 1 1
36 16 1
36 21 1
36 23 1
36 30 1
36 45 1
36 47 1
36 62 1
37 13 1
37 22 1
37 24 1
37 34 1
37 45 1
37 49 1
38 1 1
38 16 1
38 55 1
38 66 1
38 75 1
39 25 1
39 34 1
39 58 1
39 60 1
39 66 1
39 68 1
39 73 1
40 1 1
40 10 1
40 32 1
40 55 1
40 63 1
40 64 1
40 73 1
41 1 1
41 45 1
41 49 1
41 54 1
42 19 1
42 24 1
42 35 1
42 46 1
42 55 1
42 64 1
42 69 1
43 12 1
43 16 1
43 51 1
44 3 1
44 13 1
44 31 1
44 34 1
44 49 1
44 50 1
44 60 1
44 68 1
45 22 1
45 30 1
45 36 1
45 37 1
45 41 1
45 63 1
45 66 1
45 67 1
45 68 1
46 8 1
46 13 1
46 32 1
46 35 1
46 42 1
46 50 1
46 61 1
47 13 1
47 25 1
47 32 1
47 36 1
47 52 1
47 70 1
48 5 1
48 9 1
48 32 1
48 49 1
48 59 1
49 10 1
49 33 1
49 37 1
49 41 1
49 44 1
49 48 1
49 52 1
50 9 1
50 13 1
50 16 1
50 18 1
50 26 1
50 30 1
50 44 1
50 46 1
50 65 1
50 73 1
51 32 1
51 43 1
51 75 1
52 6 1
52 35 1
52 47 1
52 49 1
52 73 1
53 6 1
54 11 1
54 41 1
54 58 1
54 64 1
54 74 1
54 75 1
55 3 1
55 8 1
55 32 1
55 38 1
55 40 1
55 42 1
56 2 1
56 3 1
57 7 1
57 28 1
57 35 1
58 5 1
58 11 1
58 14 1
58 18 1
58 39 1
58 54 1
58 65 1
59 7 1
59 48 1
59 60 1
59 65 1
60 10 1
60 25 1
60 30 1
60 39 1
60 44 1
60 59 1
60 72 1
61 33 1
61 34 1
61 46 1
61 73 1
62 4 1
62 36 1
63 6 1
63 27 1
63 32 1
63 40 1
63 45 1
63 71 1
64 5 1
64 27 1
64 28 1
64 40 1
64 42 1
64 54 1
64 65 1
65 8 1
65 22 1
65 26 1
65 50 1
65 58 1
65 59 1
65 64 1
66 2 1
66 3 1
66 7 1
66 11 1
66 38 1
66 39 1
66 45 1
66 70 1
66 72 1
66 73 1
67 5 1
67 23 1
67 34 1
67 45 1
68 3 1
68 12 1
68 29 1
68 35 1
68 39 1
68 44 1
68 45 1
69 42 1
69 75 1
70 4 1
70 30 1
70 33 1
70 47 1
70 66 1
71 8 1
71 26 1
71 63 1
71 75 1
72 11 1
72 21 1
72 31 1
72 33 1
72 60 1
72 66 1
73 11 1
73 20 1
73 39 1
73 40 1
73 50 1
73 52 1
73 61 1
73 66 1
74 8 1
74 18 1
74 24 1
74 33 1
74 54 1
75 9 1
75 38 1
75 51 1
75 54 1
75 69 1
75 71 1
$
Sam Gaines: heuristic solution (4 colors):
	Vertex 1: Color #4
	Vertex 2: Color #4
	Vertex 3: Color #1
	Vertex 4: Color #3
	Vertex 5: Color #3
	Vertex 6: Color #2
	Vertex 7: Color #2
	Vertex 8: Color #2
	Vertex 9: Color #4
	Vertex 10: Color #2
	Vertex 11: Color #1
	Vertex 12: Color #3
	Vertex 13: Color #2
	Vertex 14: Color #3
	Vertex 15: Color #3
	Vertex 16: Color #3
	Vertex 17: Color #1
	Vertex 18: Color #4
	Vertex 19: Color #1
	Vertex 20: Color #3
	Vertex 21: Color #1
	Vertex 22: Color #4
	Vertex 23: Color #1
	Vertex 24: Color #4
	Vertex 25: Color #2
	Vertex 26: Color #2
	Vertex 27: Color #3
	Vertex 28: Color #3
	Vertex 29: Color #1
	Vertex 30: Color #3
	Vertex 31: Color #1
	Vertex 32: Color #1
	Vertex 33: Color #2
	Vertex 34: Color #1
	Vertex 35: Color #1
	Vertex 36: Color #2
	Vertex 37: Color #3
	Vertex 38: Color #2
	Vertex 39: Color #4
	Vertex 40: Color #3
	Vertex 41: Color #2
	Vertex 42: Color #2
	Vertex 43: Color #1
	Vertex 44: Color #3
	Vertex 45: Color #1
	Vertex 46: Color #3
	Vertex 47: Color #3
	Vertex 48: Color #2
	Vertex 49: Color #1
	Vertex 50: Color #1
	Vertex 51: Color #2
	Vertex 52: Color #4
	Vertex 53: Color #1
	Vertex 54: Color #3
	Vertex 55: Color #4
	Vertex 56: Color #2
	Vertex 57: Color #4
	Vertex 58: Color #2
	Vertex 59: Color #4
	Vertex 60: Color #1
	Vertex 61: Color #4
	Vertex 62: Color #1
	Vertex 63: Color #4
	Vertex 64: Color #1
	Vertex 65: Color #3
	Vertex 66: Color #3
	Vertex 67: Color #2
	Vertex 68: Color #2
	Vertex 69: Color #3
	Vertex 70: Color #1
	Vertex 71: Color #3
	Vertex 72: Color #4
	Vertex 73: Color #2
	Vertex 74: Color #1
	Vertex 75: Color #1
